381.777520 -33.008000 -16.999545 9.046959 8.202422 15.874696 -9.970861 13.337871 -1.466796 10.413352 -7.571176 14.181357 -2.556613 
411.708437 -36.770591 -23.650526 3.797983 3.390384 14.885407 -10.155123 15.663404 0.718167 13.286410 -6.693627 14.873656 -4.034954 
417.971689 -42.307360 -26.941350 -2.047427 -2.961081 11.385649 -13.951986 15.718716 -0.825763 14.814454 -8.963526 13.016933 -5.320149 
413.968427 -41.575369 -23.267126 -0.064725 -3.846623 10.255877 -14.285697 16.195418 -0.926965 14.807402 -11.941270 10.111592 -5.352313 
414.172971 -35.237792 -20.340223 -0.175816 -2.976274 12.613253 -10.630741 13.311295 -3.275041 9.253554 -12.737975 12.644384 -2.266474 
423.653675 -30.369860 -13.372025 6.504302 2.895816 17.048242 -6.649085 16.253463 -2.440918 10.948394 -11.999133 15.777644 -1.486727 
431.562134 -30.431538 -13.376514 9.460227 2.979298 13.504584 -9.238759 13.169047 -3.019089 10.964843 -11.509033 17.162362 -1.663388 
439.853290 -27.099204 -11.960352 9.655236 3.293447 15.964368 -9.985489 16.850139 -0.518546 11.502791 -11.474768 12.928392 -3.525426 
426.300756 -33.235840 -15.222313 5.421669 2.242018 16.901886 -11.437830 17.543275 -0.943437 12.911258 -9.200934 14.770890 -0.972469 
436.672413 -18.838703 -8.392265 8.744617 -0.285272 13.419355 -9.055070 15.611115 -1.445292 14.537209 -8.219510 17.958782 1.712606 
425.709849 -36.143265 -18.442827 2.641107 -2.250913 11.079363 -12.756953 11.917833 -8.328021 9.430214 -16.079457 12.185122 -3.348701 
443.567485 -23.033222 -9.467014 9.780600 5.491375 17.903735 -8.354364 16.655062 -3.625072 16.428692 -7.710364 16.943560 0.748530 
429.625972 -31.690913 -14.338860 8.330078 6.447640 20.298532 -7.033225 17.476006 -6.475740 9.615274 -12.307391 12.927074 -1.145286 
424.638306 -35.779764 -14.888013 6.060858 5.875995 19.502790 -7.750333 18.226910 -1.561896 14.594300 -12.243981 13.426949 -2.071637 
424.949749 -37.426323 -15.792788 6.011629 2.477300 15.896345 -11.431887 13.746403 -3.879190 13.748938 -15.637478 12.687860 -2.121242 
449.878274 -18.980875 -9.021485 8.086108 2.129433 15.579024 -10.439928 14.580055 -0.544650 18.943034 -7.423040 17.230846 -3.870460 
432.140325 -32.323810 -18.212905 7.222167 1.302205 15.043151 -10.396069 13.744046 0.102341 13.752447 -10.838534 14.806465 -3.135279 
450.459626 -21.324385 -8.669269 12.941636 2.466741 19.015272 -10.279537 14.287074 0.186109 17.963813 -8.687963 16.212761 -0.334153 
427.801029 -39.510865 -17.426799 8.512266 2.990575 16.845508 -14.360686 12.816117 -0.911990 14.755207 -14.641396 10.526622 -3.532161 
430.085436 -34.310658 -17.451486 6.108335 3.091917 14.556122 -12.844902 14.369735 -2.080862 14.342546 -12.125532 10.786465 -5.171561 
421.470528 -35.085390 -18.146482 4.723130 2.269394 14.118562 -11.148476 14.442326 -2.657071 15.509648 -10.973884 11.034772 -4.783745 
411.853939 -30.170825 -14.444416 3.914676 0.199218 17.379587 -7.992562 13.749631 -1.576206 13.743749 -10.782805 11.877450 -3.444881 
404.701896 -31.143526 -16.637466 2.607382 -1.731788 16.623161 -10.100879 8.929836 -4.713401 12.165194 -9.654452 12.067236 -3.629345 
400.550302 -32.590279 -14.673954 4.136165 0.823284 17.407701 -10.426113 10.230158 -2.263787 16.623241 -6.468777 14.213631 -1.763932 
401.321734 -36.645896 -18.101671 6.037730 3.539837 15.780656 -8.854572 11.910828 -1.811437 18.995894 -5.682740 15.623122 -3.397726 
411.902803 -37.919132 -18.895235 6.720582 7.693159 18.123856 -6.958929 15.081831 -1.822624 13.332315 -11.489298 11.364392 -9.099579 
411.887690 -39.146646 -17.820916 7.719598 10.199872 22.006523 -6.886965 16.326046 -1.986972 11.837381 -10.886467 11.065837 -6.744946 
407.705972 -34.824671 -14.316343 8.760671 7.004241 22.958049 -7.626168 12.151276 -0.528186 14.751812 -11.109574 11.259207 -4.695876 
413.472426 -34.993088 -17.326215 4.719635 4.486630 15.293982 -12.649150 8.485298 -3.795963 17.632410 -10.816198 13.357884 -3.014857 
414.104573 -36.210093 -15.281277 6.094610 4.200514 15.130587 -13.266317 9.614606 -1.831639 19.902015 -10.376887 10.938987 -4.651129 
396.562973 -39.934882 -14.634146 6.217772 2.702644 17.683328 -11.247455 8.924946 -1.748327 17.651689 -12.029310 9.814775 -4.102082 
405.402046 -25.839209 -10.036926 7.762871 5.565505 15.091298 -11.004540 9.239431 -3.542397 15.490835 -9.358977 13.718542 -3.552417 
380.866994 -43.261289 -19.619541 2.829252 1.952148 9.416315 -17.750941 2.804071 -5.701086 13.785240 -11.456607 9.428841 -6.405265 
386.991455 -22.910917 -8.037912 6.399760 5.683521 19.165976 -5.478552 11.130906 -2.935161 13.872330 -6.280640 13.303200 -3.017216 
384.932106 -33.975942 -18.880310 0.666286 -1.480602 10.110288 -12.550830 8.882145 -7.737898 13.625189 -9.215860 8.280022 -2.249094 
385.106384 -33.375973 -17.205490 2.358887 -0.529648 10.350037 -11.932465 11.149591 -4.686269 15.738844 -7.565708 9.621782 -1.221475 
351.585269 -34.763822 -15.712712 3.599508 0.447983 7.501440 -16.884572 6.435622 -6.785748 10.812347 -8.718496 8.847712 -5.548539 
351.832012 -32.198037 -16.653504 4.126951 1.861813 7.996031 -13.541220 6.874778 -7.766935 12.420015 -6.980353 12.103412 -4.001440 
349.321273 -38.293960 -19.335192 -1.081358 0.437932 11.579314 -13.464954 1.717925 -7.379707 11.543894 -8.653055 12.274079 -3.665314 
358.326658 -33.863258 -15.159745 1.361322 2.050638 16.995578 -8.766553 5.739255 -5.256874 12.028376 -7.903055 12.111460 -2.477827 
352.524492 -33.388724 -13.080292 1.056965 -0.460593 14.019835 -9.310779 5.480240 -5.271917 12.176493 -8.978686 10.168847 -2.962118 
338.195936 -33.183761 -11.876384 2.267432 1.078268 10.076851 -12.174808 4.822399 -2.019009 11.663691 -12.438851 7.191177 -5.278771 
326.340842 -34.516626 -15.733921 3.238151 0.363104 8.759935 -11.298854 3.380645 -9.103653 4.748220 -14.424775 6.117208 -3.140092 
347.361977 -35.573632 -13.639605 3.387019 0.739835 9.964312 -13.508575 6.462405 -9.241296 7.530321 -14.102302 4.424357 -3.394062 
351.172360 -35.331630 -10.315297 7.755156 6.382826 15.868507 -10.903674 8.338473 -7.063464 10.718325 -10.294478 8.246370 -0.539709 
