333.566970 -25.975355 -5.225019 13.963245 2.513328 14.945776 -4.985495 7.352390 -7.565530 10.356614 -4.407972 11.360807 -5.818278 
380.136224 -35.045582 -15.269689 2.400004 -10.326741 16.463356 -0.300536 8.803514 -11.635306 13.990563 -6.195651 13.017064 -5.605054 
387.392207 -38.693178 -18.456256 -4.520213 -15.644673 10.662688 -3.722574 6.204119 -15.804872 9.206138 -12.509007 7.912958 -11.882347 
404.801104 -20.160098 -3.230124 5.275304 -4.579823 20.023670 3.224091 15.036407 -6.242497 14.436207 -6.191010 13.023502 -6.435989 
394.570758 -31.133106 -10.171897 -1.124368 -11.483526 17.149686 -0.402629 8.532315 -11.289792 6.284212 -10.573430 10.313849 -8.967463 
406.440760 -20.557498 -1.730754 6.407771 -7.731028 18.934841 5.073002 12.892615 -5.787205 14.081973 -3.056921 14.515009 -5.758097 
399.436896 -26.249988 -9.356457 0.710309 -9.373042 17.177955 0.294075 9.241830 -10.710156 9.919686 -7.897973 8.693978 -10.810193 
401.089232 -24.671297 -5.103411 2.821952 -6.811285 20.009867 2.529081 12.350869 -8.856850 12.687333 -6.830622 13.828559 -4.399552 
395.747401 -35.203984 -11.034760 -1.823793 -11.447137 18.564742 0.279724 9.492621 -12.451605 9.501236 -7.472147 11.438842 -6.942876 
408.200139 -30.063846 -13.212417 -0.705325 -7.762715 18.946834 0.130775 11.054806 -8.572457 12.684699 -5.139997 10.926670 -6.886317 
413.984663 -25.648743 -11.653382 -0.124899 -6.012133 19.382647 1.066265 12.771010 -8.097664 14.103959 -6.586335 11.417912 -6.030991 
419.821862 -26.156902 -9.098998 3.017266 -4.809561 22.419278 2.730733 14.345320 -8.420838 16.859045 -6.238799 13.946215 -3.419192 
404.340014 -34.977351 -13.598220 -0.644361 -7.144090 23.314600 4.717025 13.298709 -9.181118 15.406319 -9.448793 10.250402 -4.373869 
405.094035 -24.036655 -9.295848 -0.700601 -7.160051 18.932362 0.830596 14.285933 -4.926159 17.320246 -4.780245 13.609432 -4.633261 
394.581304 -28.673048 -12.352027 -3.890119 -8.344443 13.199959 -5.270045 8.919652 -8.210238 15.911481 -8.885617 10.274603 -9.464724 
402.601488 -24.584609 -5.383531 0.906421 -6.689813 16.832420 0.057932 13.759087 -8.757798 14.974595 -4.472226 14.743357 -7.646116 
399.728384 -29.175476 -12.288225 -1.687511 -5.430967 17.222914 -1.719694 10.026854 -10.770992 12.211725 -7.152147 11.971041 -8.658489 
396.498853 -27.614787 -13.263514 -3.322839 -9.488963 16.143349 -0.631189 10.742009 -5.913501 12.835803 -6.477092 12.650407 -7.847737 
392.611991 -31.772388 -14.609915 -1.952840 -9.558850 15.900169 0.545028 12.566445 -6.407085 10.354482 -7.367360 13.707740 -5.049557 
398.007975 -34.047919 -18.498722 -2.189693 -7.628516 14.895142 -0.505291 12.312660 -6.731268 15.794796 -5.154355 15.412175 -0.790625 
403.839264 -28.382735 -15.456512 -0.199584 -3.929361 18.549318 0.015130 11.772243 -10.055398 12.666447 -8.699656 9.157529 -6.928429 
393.002157 -27.499356 -15.643519 -6.707658 -8.262180 11.427533 -9.771849 6.746543 -14.295258 10.890720 -5.982670 8.566756 -9.396218 
382.426837 -34.598755 -16.438930 -10.340970 -12.814515 12.998391 -9.212014 5.178289 -14.314658 10.971687 -8.313856 12.034742 -9.163929 
381.517242 -34.428838 -16.749306 -8.996618 -10.519493 18.173719 -4.941962 9.538524 -7.939258 11.790536 -8.724800 13.943092 -7.852062 
377.871730 -33.638661 -15.902914 -2.407699 -9.490856 16.259858 -5.307659 7.362455 -6.986862 13.914570 -7.592346 9.727769 -4.005055 
387.674547 -31.851302 -14.253770 3.961365 -0.533313 23.541121 -0.527812 10.609715 -5.290506 15.479498 -8.662630 7.992013 -4.849633 
383.139496 -33.418423 -15.811848 3.374342 -0.492454 22.736956 -0.222984 9.764247 -8.884000 12.871538 -9.482423 6.272662 -7.644722 
371.866732 -33.676117 -17.375307 -1.389095 -8.569136 15.683313 -3.286183 4.808388 -13.792651 11.126154 -6.550775 9.983693 -7.625235 
365.034964 -33.227114 -16.679985 -3.626582 -8.478120 14.746727 -6.312559 0.812078 -13.418920 11.322282 -11.523505 7.622672 -7.633579 
366.946370 -31.486407 -15.540944 -3.005841 -7.792710 13.037940 -8.731329 2.907254 -11.216291 13.506414 -8.165029 9.188270 -6.263617 
374.945848 -29.734051 -15.326393 0.382184 -4.937184 20.238967 -3.289394 5.694369 -9.814660 10.882843 -8.169413 9.169197 -6.614279 
380.393598 -30.916818 -16.380043 -5.724823 -11.209585 12.846484 -8.970863 2.435956 -10.227337 10.784898 -9.237668 7.787769 -8.633430 
377.145784 -34.289477 -18.364770 -7.048930 -8.604167 14.072970 -8.715232 4.454432 -7.497568 12.777597 -5.695895 12.012903 -7.206299 
384.337386 -31.159268 -13.375139 -0.134864 0.917878 22.959221 -2.864046 9.102003 -7.185128 12.474446 -5.152566 11.709339 -8.262407 
377.570771 -33.873856 -12.079261 -0.881246 0.099508 21.169267 -4.212284 7.661573 -9.853571 12.653021 -4.569824 11.016007 -8.394184 
372.292249 -29.616081 -9.657041 -0.315232 -1.707630 18.919888 -2.305490 10.616825 -8.487263 14.762867 -1.928416 11.315857 -7.112014 
363.294231 -33.367191 -12.279059 -1.567231 -0.675871 20.301109 -5.447751 6.173537 -10.546598 11.568390 -5.041171 10.621743 -7.752285 
365.430134 -23.785780 -7.484208 3.525180 -0.467862 20.027352 -1.214415 10.324743 -2.820437 17.764294 -0.766803 13.873977 -4.692857 
341.112546 -31.809608 -14.721008 -2.033824 -2.655371 13.966207 -4.699011 6.392295 -10.894625 11.640447 -8.599240 6.577636 -8.674306 
344.983458 -26.251025 -9.144867 2.754453 0.362421 12.693553 -3.967968 9.452455 -9.303859 14.305884 -4.912704 9.198060 -4.927692 
