320.219700 -23.998048 -1.758194 -0.513804 -4.438166 13.086533 -2.089682 9.196446 -7.851162 5.179062 -6.569053 10.174749 -4.830510 
360.165722 -21.688181 2.404144 4.351620 -3.587352 16.110692 1.015776 14.641387 -9.416811 11.129599 -2.928802 14.271170 -3.863765 
368.985299 -26.207813 -3.206867 3.305775 -8.981652 14.421775 -2.665511 11.317547 -11.959778 5.866493 -8.952838 10.389047 -6.915296 
385.254310 -17.562816 -1.540067 3.507913 -4.451288 18.921924 1.369381 15.696771 -2.705917 14.411625 -2.173074 11.895213 -5.304268 
382.384133 -28.349090 -8.632858 -3.728589 -10.819685 17.426827 -1.987378 9.327501 -12.062914 9.065372 -6.843628 8.126291 -7.473077 
401.493702 -16.713484 -3.484883 5.394156 -4.491718 21.113052 2.290300 18.478070 -3.681599 15.046327 -3.573817 11.409923 -6.995330 
394.683061 -21.952032 -8.065670 0.315348 -7.334546 16.426348 -2.647477 13.713106 -7.898812 9.948200 -6.435654 10.929172 -8.154139 
390.009396 -17.890450 -1.170644 3.369104 -4.060387 17.777685 -1.259101 15.284708 -4.946294 11.269644 -3.820711 12.326938 -8.097718 
373.886049 -27.853837 -8.149640 -5.450946 -10.749799 8.868364 -10.266970 9.379304 -14.096850 5.883003 -11.425635 5.992031 -8.876721 
381.468297 -19.718551 1.095341 0.062969 -8.273416 18.748024 -2.910600 12.651687 -8.742333 13.938183 -6.837538 8.854991 -4.726929 
371.708971 -28.171974 -8.718849 -6.404202 -16.147176 10.056379 -7.552515 4.870535 -14.094289 6.791228 -11.542945 6.414875 -6.580586 
392.831334 -19.632366 -1.493964 6.797503 -10.269503 11.030303 -2.592412 12.957019 -7.823630 10.532836 -5.908462 11.981011 -4.827300 
386.298222 -25.689231 -6.384020 2.263037 -11.151020 12.009127 -2.778734 11.807525 -8.180463 10.552037 -6.054614 9.951588 -5.256732 
386.116057 -15.609058 1.568167 5.679436 -4.377312 15.792847 1.902883 13.678371 -1.522461 14.543602 -4.233451 15.426063 -2.932222 
374.295940 -22.648787 -3.273779 -0.281245 -12.185401 9.920454 -6.705857 7.062721 -8.766390 8.595054 -10.955329 9.402707 -7.916634 
376.868909 -17.908320 2.878782 2.696542 -3.864602 18.488826 -2.161685 12.478553 -6.239225 12.180546 -6.173025 13.372494 -4.371793 
367.045348 -28.068383 -5.909198 -0.938356 -10.183648 10.654278 -5.874179 7.846969 -11.366589 8.314709 -10.111617 10.010234 -6.895491 
381.750468 -20.149765 -2.008501 5.154114 -9.941950 12.371328 0.185290 15.740304 -5.845238 11.808058 -8.386195 12.197729 -3.976043 
370.921450 -26.337066 -8.277480 -1.867283 -13.989183 7.325499 -5.468677 12.027226 -8.206560 8.612752 -11.010840 10.645261 -4.500218 
367.707888 -18.293505 -1.819909 5.578976 -8.765095 11.414312 3.544142 14.632386 -4.908652 11.020016 -4.374456 15.607318 -1.420910 
364.690989 -25.822942 -4.486118 -0.922898 -14.191790 6.695328 -4.242216 11.735997 -10.646777 5.410247 -11.532436 10.271873 -4.557305 
379.887496 -18.450984 1.214301 4.060212 -2.696540 14.513573 -1.272297 17.592873 -4.973325 10.755488 -8.732756 11.021285 -4.151494 
368.271409 -25.590808 -6.298290 -3.116018 -7.873972 8.271867 -9.694608 6.486101 -12.436955 3.784421 -13.484255 5.643920 -7.667134 
370.838253 -18.180574 -1.605209 4.174718 0.008198 16.096022 -1.168451 12.233295 -3.502869 10.421820 -5.273875 14.804301 -1.375873 
368.003507 -27.515595 -8.717859 -3.757914 -9.097780 8.619534 -7.999500 9.868379 -8.786643 5.750356 -12.315719 8.984098 -6.465212 
374.838984 -27.408089 -10.314162 -1.269411 -11.766526 4.259170 -9.428269 7.975547 -10.397608 7.253306 -14.469803 8.674342 -4.653941 
371.525853 -23.371290 -6.724679 6.115603 -4.397873 9.872195 -4.816835 9.133134 -6.819270 8.639514 -14.331640 8.611881 -2.511957 
358.165679 -26.394535 -9.072150 0.752476 -8.370264 7.160811 -9.798767 4.916195 -7.563791 6.761143 -13.714768 6.402646 -6.911124 
358.600521 -25.780191 -6.619421 6.887721 -3.745553 7.755397 -10.691657 9.225806 -2.350733 6.224518 -13.365051 9.657752 -3.648827 
354.878399 -20.519313 -5.450228 7.347765 -4.140328 8.283266 -11.124774 9.489174 0.723149 7.514629 -11.143039 11.133782 -2.817136 
340.299018 -24.101723 -2.980349 6.360244 -0.902623 10.519378 -9.564034 7.308932 -4.345267 7.886210 -14.182326 7.389880 -3.999072 
344.411808 -25.942473 -5.585979 5.024780 -1.162616 11.241471 -8.291488 7.751307 -2.067342 10.903928 -10.518000 10.063930 -1.474564 
337.902654 -24.843620 -6.457921 6.431299 -0.013009 9.430993 -8.005291 8.855158 -1.276410 9.580344 -9.184854 10.512080 0.276907 
342.465103 -26.248669 -7.142357 5.312962 -1.719728 8.623773 -12.362552 7.662008 -2.866633 10.039535 -9.034553 7.330880 -2.318736 
335.122455 -28.292156 -6.963005 5.326071 -2.481426 8.257674 -14.742094 5.611222 -3.746132 8.561831 -11.783357 4.887645 -2.716743 
341.632874 -22.561870 -7.611891 5.304104 -4.724478 8.660340 -11.444136 5.459980 -0.130224 12.795604 -13.756988 9.243415 -4.992937 
339.392389 -25.052135 -9.081912 3.630707 -6.500305 6.743580 -12.284460 3.890347 -2.396940 11.650412 -15.213834 8.387519 -3.451103 
311.113555 -31.615876 -3.244027 7.649542 1.281989 4.314847 -15.827500 5.201507 -7.977188 5.878928 -10.799797 6.425515 -10.219602 
322.238009 -31.941628 -3.097994 8.155519 0.235208 8.773001 -14.897946 3.278325 -5.885473 5.923456 -14.458378 5.714016 -6.421003 
328.011434 -29.759709 -5.657081 7.927962 -0.649226 7.248861 -12.292812 3.860564 -9.226089 7.135284 -12.609531 5.189513 -5.090965 
320.781349 -28.141030 -2.545958 10.393438 2.128128 8.327417 -11.056903 5.342189 -8.621995 7.619637 -11.986519 6.909389 -2.754930 
320.317195 -22.856721 5.279403 13.204494 3.590070 12.789361 -8.148015 13.768709 -3.058784 9.513529 -8.826550 9.171503 -1.738308 
312.281197 -32.246601 -0.330727 11.079315 -1.715002 6.362829 -14.209708 5.774845 -9.543113 1.306295 -17.197685 5.238571 -6.686960 
320.520220 -22.853367 4.228534 17.858367 6.779608 12.246378 -7.662822 9.345539 -1.931359 9.628747 -11.053498 10.808251 -2.934624 
306.636156 -28.240364 0.088149 10.943155 2.765828 7.960106 -11.365146 5.570003 -6.126967 4.106195 -15.776039 4.610265 -5.486758 
305.314870 -22.731970 5.935030 15.210241 5.207701 14.090052 -6.261015 6.061001 -4.482064 9.035729 -6.366647 10.480734 -2.569195 
288.456699 -36.738191 -1.419990 9.069807 2.511447 11.334356 -11.255136 5.768284 -5.551259 4.512510 -16.058453 4.805330 -7.643007 
288.266207 -30.454394 1.776346 10.122058 7.433500 10.849033 -12.240154 9.544137 -3.065886 6.304488 -12.335808 7.598845 -4.242461 
255.601076 -32.860298 -6.775890 7.145059 3.689952 6.279665 -14.059146 7.818838 -0.400028 5.051052 -10.055361 6.614107 -5.024924 
244.669373 -29.792639 -7.671662 10.471255 4.826377 9.459894 -8.143821 8.027988 -1.858578 4.697749 -6.914924 8.783899 -1.894983 
