365.984771 -24.110495 -4.316030 -2.193265 -12.594966 11.192611 -1.151815 13.844539 -7.664947 8.595585 -10.858185 12.102261 -1.880452 
379.086176 -29.680942 -7.105245 -4.577445 -17.207370 8.534674 -1.968161 13.776999 -9.738040 5.706351 -13.777252 10.383063 -6.308008 
392.141548 -27.693441 -4.725237 -1.055773 -15.779657 11.659965 -1.544979 14.194304 -4.698433 9.510512 -12.451778 10.070923 -5.331039 
402.085639 -22.491674 -2.469788 0.597223 -11.788968 16.207563 1.262748 15.159167 -4.586841 12.485100 -8.652751 11.302216 -4.380588 
399.154411 -26.787904 -2.514713 -0.279330 -15.716303 12.677424 -2.121794 14.911810 -8.014591 6.594018 -13.099512 9.862769 -4.186823 
409.282231 -26.865994 -3.778849 0.277576 -15.276257 9.542828 -4.951991 18.235944 -7.934184 9.091448 -10.653771 12.426801 -6.316212 
399.675257 -30.673342 -8.576339 -2.143658 -18.680775 6.295139 -4.032431 17.263563 -11.741776 6.406543 -13.929174 9.257378 -8.857665 
410.672931 -19.631471 -3.386014 2.495634 -13.155655 13.714391 1.479353 16.568601 -6.150695 13.201851 -6.088251 12.853747 -5.313203 
405.494551 -22.063769 -1.522800 2.138476 -12.975245 14.960424 0.045493 15.902346 -7.819517 11.342211 -7.944821 11.331377 -6.719318 
401.959802 -25.650225 -5.732139 0.933748 -10.494510 13.073646 -3.103172 17.440378 -4.937924 12.158121 -8.899977 13.632148 -3.318264 
398.445164 -28.613455 -11.820405 -5.780518 -13.977722 7.292407 -8.928684 11.837369 -9.350095 8.037816 -13.519806 7.890428 -6.634116 
396.500384 -23.425807 -6.443252 -4.284889 -13.870830 9.028865 -5.788081 13.079243 -9.189688 9.322334 -11.740586 8.256575 -5.414504 
389.796135 -27.204400 -2.032060 -0.357018 -14.908108 13.394578 0.466992 18.769271 -4.268727 8.940869 -13.445274 8.902787 -4.161052 
396.133060 -28.710636 -3.386581 -1.756415 -14.129445 15.093189 -1.229682 17.334628 -3.312126 10.431346 -10.228935 13.633356 -2.197938 
394.747479 -30.959837 -8.377086 -8.792906 -17.300466 10.781557 -7.967228 10.106515 -10.508421 5.190202 -13.553929 7.589739 -11.122140 
404.213661 -15.512876 2.507885 2.716486 -7.131899 15.341338 0.221341 17.637773 -6.720627 14.713283 -2.381926 14.341748 -2.015380 
397.060428 -27.109934 -4.565554 0.989911 -9.837330 16.778272 1.779417 16.956433 -6.622445 12.871480 -4.859408 16.099550 -2.071376 
402.212870 -22.438401 -0.186355 -0.677142 -10.676001 16.848107 0.499901 13.705748 -6.959116 12.349653 -6.973123 15.916573 -2.541393 
386.524770 -29.396742 -5.947727 -6.465228 -15.051806 13.459766 -0.266167 12.531248 -11.009961 8.220900 -6.978751 14.223000 -7.981152 
391.591267 -25.010851 -3.961562 -0.080272 -11.251250 16.848915 2.946004 15.561371 -7.223501 10.173345 -4.502604 17.657312 -3.201310 
388.644246 -26.624947 -4.060638 -4.891700 -13.923264 12.554286 -1.294283 13.579841 -9.656623 6.922862 -8.506204 13.183276 -4.538748 
401.469087 -14.406027 7.047634 2.532509 -12.699042 12.036912 -2.539529 15.590853 -6.571992 9.525613 -6.876430 13.798851 -3.211477 
391.251555 -25.933217 -2.942919 -1.885591 -18.286077 12.210536 -4.494065 12.587714 -11.186295 5.263987 -11.162714 12.831157 -6.295286 
404.858738 -17.302092 2.587389 6.059368 -10.648672 13.725179 0.191510 17.950314 -4.860743 13.314396 -7.486445 15.891436 -1.503043 
388.963488 -24.357526 -5.276799 -1.166985 -9.661628 10.664881 -2.986221 12.650635 -14.205689 8.104946 -11.624706 9.817488 -4.556626 
390.443178 -22.474473 -1.150486 0.197471 -11.680937 14.248921 -0.623477 11.441631 -13.173597 7.922836 -8.215714 9.832629 -6.161274 
393.367599 -21.103208 -5.889191 -1.323220 -13.646106 11.181735 -3.134622 11.845131 -12.098646 6.164533 -7.754740 11.199031 -5.322541 
391.458959 -17.721094 -5.064823 0.962387 -7.298356 13.970467 -1.902184 13.213278 -9.593110 9.710565 -5.866446 13.983427 -3.235511 
392.280752 -22.888593 -7.433613 -3.050531 -7.710912 14.286520 -5.490054 12.710304 -11.572678 8.645429 -7.770590 14.629559 -3.783143 
399.909833 -13.815111 1.116369 0.501163 -1.824891 19.742275 -2.535038 16.448996 -5.848645 12.188171 -5.277737 15.793152 -2.541673 
382.333772 -21.027542 -2.791146 -1.155839 -8.563815 13.602904 -1.216101 10.485446 -12.305798 7.239192 -7.841718 10.634563 -7.095126 
384.519198 -18.955339 -1.152421 3.493256 -9.079337 16.204847 2.169323 15.922976 -7.282874 14.054235 -2.437099 14.340048 -3.948387 
369.884524 -27.131954 -8.166088 -2.118857 -11.093429 12.778435 -3.076592 10.346573 -14.200354 5.412060 -11.676844 7.549914 -6.293192 
368.918297 -18.862515 -3.318994 0.851087 -9.933812 12.581823 -0.779048 11.977825 -7.195672 11.755252 -4.132899 13.255582 -2.387909 
358.604779 -24.597215 -3.847964 0.385761 -10.603346 13.855242 -0.913225 7.156333 -11.061787 8.340539 -6.974622 9.127850 -4.885153 
344.665412 -27.610120 -7.367091 -0.789636 -5.630823 11.944859 -1.103324 8.766949 -9.985767 9.159794 -5.470342 12.944220 -4.257549 
332.692296 -25.542631 -4.382262 -5.893259 -10.122269 14.356985 -1.032690 9.442370 -8.510626 8.949145 -7.964724 9.665403 -6.209304 
347.260913 -18.493328 -0.348010 1.555204 -3.413595 13.646465 -2.401819 9.437476 -9.759276 6.876322 -9.462415 10.807451 -4.067505 
336.841633 -24.666352 -2.929248 0.385107 -10.416374 11.415954 -7.836634 3.551847 -12.634053 4.337691 -9.830068 11.682268 -5.690943 
340.289829 -20.155373 2.003939 8.974156 -5.257046 16.485569 -1.807745 11.034806 -8.023727 10.897337 -6.154212 9.502886 -6.883284 
329.883624 -24.534377 0.603254 4.041395 -8.101442 11.111014 -6.426599 3.387901 -15.413231 5.991951 -9.212428 8.460909 -8.233338 
331.220790 -17.741343 7.401919 10.313116 -3.513241 15.625577 -1.393002 9.962224 -8.985472 11.430737 -3.907359 12.629910 -4.001889 
305.689087 -34.827814 -3.692181 5.574861 -7.534056 11.771622 -7.622936 1.398878 -18.288699 1.454740 -10.671315 6.501054 -8.336475 
317.762027 -24.411543 6.136858 9.619164 0.434501 16.858951 -3.776952 6.017984 -11.184166 9.682211 -6.373771 11.648784 -2.530891 
303.880895 -30.989731 -1.839848 4.082350 -1.401119 12.726323 -6.345488 3.539002 -14.836338 2.714598 -10.754889 6.388756 -8.071304 
306.298483 -24.972731 4.668298 15.212547 1.664050 15.951845 -1.210729 9.421004 -5.914120 7.480645 -6.284974 9.854414 -3.545610 
292.164707 -32.221257 -2.894682 6.859629 -5.672495 12.909420 -6.610195 0.839964 -14.791392 -0.448477 -14.009974 0.981912 -7.900410 
279.678596 -24.204521 -2.166023 8.897236 -0.967712 13.513662 4.519245 11.035778 -5.500785 7.884056 -5.749827 8.109174 -5.258568 
