377.039222 -29.271451 -14.766002 -5.736127 -10.728505 11.272622 -4.722638 8.902461 -9.912919 11.076142 -5.960600 10.050211 -8.722864 
388.569698 -25.824787 -11.381054 -5.393828 -8.415023 15.407158 -1.857844 9.777070 -7.175253 13.024333 -7.504600 11.120370 -7.067495 
391.011648 -25.759086 -9.957968 -2.612854 -9.513625 17.874356 1.243853 9.598025 -6.773374 12.336032 -7.263139 12.599333 -5.584797 
391.205430 -25.588038 -9.686399 -2.842940 -13.511579 15.408537 -1.105842 10.338325 -6.494027 14.516548 -4.614866 13.273429 -6.527214 
393.310514 -27.648584 -11.513531 -5.686783 -15.106407 14.707676 -2.517652 11.439566 -8.071190 11.755754 -5.078202 11.258574 -7.729511 
396.036395 -25.407191 -8.277086 -1.902040 -11.927404 16.372846 -0.025507 14.314500 -7.450367 13.356945 -4.063984 11.063335 -6.930187 
397.077605 -29.453628 -8.734513 -1.292403 -13.043905 15.147550 -1.602971 11.826542 -10.508253 13.028014 -5.767164 11.987288 -8.684528 
415.520133 -20.205990 -3.797424 5.852431 -7.010687 14.326363 -1.410377 16.266957 -6.400921 14.398376 -3.528605 18.001368 -4.147389 
403.152126 -29.838050 -13.775350 -1.583935 -11.490231 10.626817 -0.083753 14.230155 -9.670933 7.573905 -9.656046 12.141505 -6.729617 
411.778346 -18.769317 -4.331786 0.550749 -11.872906 15.531814 2.206339 15.268039 -3.241368 16.174656 0.013251 19.484703 0.283675 
400.853701 -26.840064 -8.697429 -1.920310 -12.861212 16.405297 0.769598 13.231992 -6.193526 14.068837 -3.960075 13.585272 -4.608170 
402.056085 -22.700020 -1.818083 0.513483 -11.873345 14.863746 0.570832 13.412244 -8.905845 11.016931 -7.791621 12.368379 -4.172045 
388.963798 -28.879360 -8.915995 -7.617627 -15.693309 11.602893 -3.783664 11.271465 -9.072768 8.241374 -11.571415 10.805214 -7.661631 
395.383904 -23.226489 -6.007025 -1.141018 -12.023545 15.824480 -2.006029 15.499250 -5.993304 12.639768 -5.758797 15.834291 -2.224421 
397.011711 -27.258097 -7.526997 -1.488126 -12.705825 14.709300 -4.694487 14.405604 -9.402023 8.766247 -9.988512 11.712570 -8.076593 
400.621476 -30.389521 -12.095608 -2.827504 -14.758966 13.269272 -4.265554 12.370112 -8.281324 8.938431 -8.507123 12.331133 -8.463280 
400.796985 -30.299856 -11.788199 0.425900 -15.814154 13.404204 1.418274 11.290744 -8.403410 8.098941 -8.683193 13.396750 -9.692473 
392.275732 -30.220621 -11.846951 -0.940139 -16.613154 11.131312 -3.038340 7.868010 -8.484135 8.380589 -11.007837 11.830801 -8.446587 
383.395524 -30.336221 -12.039055 -5.370832 -12.245522 14.414652 -2.620622 8.861775 -6.421805 14.231933 -7.678802 11.628044 -6.915457 
387.829887 -28.530617 -11.654673 -4.328979 -12.068608 15.058516 -0.315726 10.900533 -5.213806 14.712429 -4.450751 15.882459 -3.908314 
383.893858 -25.379732 -8.853868 -1.602575 -10.857446 14.637399 0.400713 13.253091 -3.750738 13.243250 -6.115071 14.382706 -6.321735 
375.503965 -36.728256 -15.876720 -11.009713 -18.612872 7.079338 -7.593049 6.953768 -11.132635 8.719878 -9.223359 10.218783 -6.808839 
381.617419 -35.899409 -13.051837 -9.821285 -15.787167 11.118961 -5.091356 9.124674 -10.356080 8.700882 -8.274689 12.135870 -6.715754 
390.797539 -32.159076 -10.654705 -6.785365 -11.620402 14.890859 -4.280408 8.759655 -10.570727 10.559327 -6.757660 14.807798 -6.548005 
387.502347 -28.490875 -7.602178 -1.587530 -9.703619 20.480447 2.755978 13.637170 -6.662592 12.861380 -4.860180 14.335042 -8.146881 
384.946382 -27.763285 -9.113576 0.890931 -8.999054 17.131583 1.751258 16.335621 -3.454002 13.469989 -3.016806 13.921021 -6.285341 
383.919964 -29.499780 -11.115403 -0.190735 -7.700372 16.398697 2.285420 12.688148 -9.374601 7.943432 -5.980929 13.946688 -8.034262 
391.593829 -25.648755 -6.650528 3.764544 -3.362188 21.702150 5.051828 16.257454 -8.973373 9.330684 -5.409362 16.004719 -5.094134 
385.160793 -31.916915 -12.007381 -1.205353 -12.977647 16.098781 -1.161787 11.305586 -12.056736 6.234952 -7.259477 14.300135 -5.550409 
390.481723 -22.603993 -1.191703 4.323939 -9.850317 21.490540 2.828576 13.383770 -6.217176 11.435945 -7.266162 13.809254 -4.292363 
378.538099 -26.161114 -4.866832 2.661350 -8.886496 18.376851 1.987268 12.010660 -9.475195 9.350667 -8.667418 12.214205 -4.815649 
382.832452 -17.543842 -1.438558 3.717416 -5.813779 17.294663 -1.360121 15.559770 -5.488581 15.238976 -2.591583 11.896348 -3.849584 
376.471409 -29.169148 -12.454799 -4.954127 -10.695329 14.507340 -6.933992 10.651354 -12.120320 7.953873 -8.586867 6.275336 -10.521437 
397.281905 -20.797674 -1.147338 4.985446 -4.498063 19.520304 4.604505 18.308070 -7.439131 14.412619 -2.414332 14.459531 -4.698325 
388.752425 -27.899660 -6.010925 0.666150 -7.853887 17.918673 4.082439 13.068284 -13.277555 10.664962 -5.818841 10.736625 -10.164750 
389.939876 -30.868719 -7.776871 -1.221451 -7.446541 21.911692 2.677137 15.300251 -5.538733 17.438497 -0.340537 16.698765 -4.559999 
391.836568 -29.672205 -6.054895 -1.252004 -8.388888 19.681074 -1.186484 11.074655 -10.325990 12.586811 -3.425464 15.125838 -6.721562 
389.408520 -28.462550 -9.453288 -1.902200 -6.554493 18.432651 0.418097 10.883545 -8.143043 15.760517 -2.867294 17.427864 -5.783030 
376.194855 -36.385649 -12.860832 -1.026771 -5.450039 16.454845 -2.782232 10.058663 -7.036572 16.366186 -3.314159 14.004529 -10.450058 
385.185110 -28.376590 -8.844125 0.857215 -4.102419 20.090424 -3.019825 12.931127 -8.063198 13.517255 -2.785958 13.652336 -7.859595 
377.224389 -37.364429 -11.401585 -1.483185 -7.028184 20.635314 -2.766684 10.838061 -14.149852 8.040464 -6.704653 7.916042 -11.448570 
365.153438 -33.496151 -6.907207 -1.488163 -11.226106 18.260485 -1.443500 8.052034 -15.028703 7.797715 -2.814839 13.517759 -6.288175 
354.206203 -32.489947 -9.348005 -1.511943 -10.997642 14.744327 -0.448399 7.137666 -14.807863 7.121678 -4.174336 12.531652 -8.087900 
352.442945 -29.188829 -9.158655 -2.427363 -10.079173 13.267116 -1.131560 6.764788 -12.966373 9.782150 -4.444570 11.313701 -7.703248 
340.187332 -26.416100 -3.882042 0.422700 -11.743334 16.557341 -5.512250 3.973272 -10.361780 6.310745 -10.017997 7.025286 -6.865818 
345.829965 -24.279920 -1.916869 2.790517 -8.385951 18.293104 -4.223609 6.538738 -7.884628 8.798679 -6.299179 7.948352 -6.687875 
336.888063 -22.585725 -3.333411 1.446375 -3.959490 13.754412 -2.909740 10.649251 -10.743451 5.937714 -9.540371 5.837706 -6.936593 
