357.842378 -31.438066 -12.770213 10.390797 -4.566736 1.346767 -9.464473 11.990276 -6.397261 7.012346 -10.982061 3.605068 -12.637858 
405.037542 -22.868491 -4.310814 10.428870 -2.888876 10.133176 -3.159106 23.261107 1.434489 14.327174 -7.854312 11.493126 -5.617300 
403.045211 -33.510496 -9.480051 5.804288 -11.681068 2.515691 -11.453935 17.893015 -4.111738 8.015616 -15.560608 3.774107 -10.195225 
410.284077 -26.304827 -5.872946 9.905261 -6.264312 11.478396 -3.491937 20.471441 -2.467944 11.682080 -9.440226 11.047138 -5.975120 
400.862518 -30.794180 -8.045205 6.153915 -13.201242 4.832994 -7.042181 19.189699 -3.258737 7.598436 -11.637094 8.019961 -9.738222 
403.560610 -25.334245 -4.420699 7.374543 -8.764436 10.888421 -2.202790 20.483305 -2.012181 12.419357 -6.262575 12.027773 -7.455988 
399.218488 -30.219010 -8.887639 2.316018 -12.279092 6.190665 -5.533551 14.590848 -9.246489 5.563929 -13.898858 6.483506 -13.453178 
412.326191 -23.525598 -3.827296 7.717364 -8.791431 11.644680 -0.946242 20.287069 -3.694685 9.791681 -7.286641 12.052794 -7.607018 
407.912638 -26.621143 -2.311954 6.718139 -12.581338 6.523617 -8.968063 18.071404 -4.420478 11.329192 -9.774996 6.567889 -8.909523 
417.466925 -21.942099 -0.728480 8.544841 -7.387196 10.254662 -6.642257 21.722667 -1.031905 12.900558 -6.937930 13.054658 -3.959397 
400.857609 -32.679116 -8.340097 3.702511 -13.038019 1.997256 -9.779660 17.006722 -3.409408 10.265938 -11.690956 8.576690 -6.849325 
406.857965 -21.223048 -3.285306 8.077573 -6.788206 5.669454 -4.665735 21.405472 0.864897 15.392860 -8.593854 11.009977 -5.519409 
393.496584 -32.735676 -15.508997 -0.031050 -13.517213 2.386834 -10.874966 13.696502 -5.663257 6.817008 -13.486203 9.007837 -10.313066 
408.304260 -25.326292 -3.300163 8.285930 -11.286246 10.790213 -3.488333 19.860403 -0.121238 12.354075 -8.458939 12.758730 -6.375732 
394.697446 -39.529366 -11.149685 -2.323332 -20.894499 4.471122 -6.794189 13.467158 -3.158571 13.443768 -11.319468 9.905859 -5.144300 
394.052291 -35.918461 -9.968675 -1.869444 -19.588852 1.100144 -6.452353 15.997079 -5.043930 9.550591 -13.881862 6.266718 -11.976168 
397.102281 -27.670832 -3.309609 4.382849 -14.266523 4.499895 -9.866618 17.185086 -5.008986 12.740089 -9.162885 6.576125 -11.189774 
388.989631 -25.352411 -4.995978 1.749938 -15.752846 3.290747 -11.114626 14.924888 -6.943213 13.102907 -8.440696 8.272240 -9.438989 
370.478526 -28.449708 -7.516700 0.795468 -14.097494 0.575441 -7.770988 14.151342 -7.426851 10.119356 -8.539962 6.773719 -12.401296 
367.983629 -27.135090 -7.156989 0.850466 -16.009176 0.938049 -8.426003 13.068110 -7.746030 8.223073 -6.829935 8.765151 -8.732749 
361.239848 -27.362370 -4.969831 2.755892 -12.910201 0.605093 -10.692474 13.198897 -5.786519 8.943227 -9.886549 8.782806 -8.753991 
359.691223 -28.340587 -6.632454 7.769928 -7.319902 4.132305 -8.031342 16.964443 -1.529454 12.806657 -7.095349 8.584870 -8.001175 
356.127906 -30.096214 -7.075482 7.018587 -9.795187 0.824869 -12.721207 12.114773 -5.157173 9.991928 -6.298905 7.291990 -7.776566 
361.487501 -23.232013 -3.114631 7.680571 -6.163111 3.920236 -9.866426 12.547514 -6.043105 10.917564 -5.582346 9.222152 -7.956484 
351.616048 -27.232898 -3.251457 11.324203 -8.732943 3.135432 -5.010567 13.182823 -5.284275 11.095870 -7.190057 8.005724 -10.050494 
345.334125 -26.932754 -3.156999 14.452154 -3.533270 8.444297 -3.283068 14.475655 -1.088860 13.764120 -3.398814 9.711244 -5.947888 
341.674210 -24.722859 -3.794265 6.737958 -5.893118 6.307286 -8.484199 10.445599 -3.137761 9.679815 -7.976525 6.621986 -7.806757 
347.373988 -26.152277 -4.959642 3.398679 -7.880560 2.474526 -10.371256 10.386908 -6.233774 8.966636 -8.241406 6.705466 -8.045061 
340.948967 -25.619809 -5.147192 5.062630 -4.848572 4.149856 -8.155736 12.052736 -4.873025 12.739320 -6.959435 5.784096 -9.086120 
337.931391 -21.027091 -2.055500 7.915335 -5.735252 10.831075 -2.465786 14.220145 -1.172576 13.419653 -5.954096 6.062537 -10.120397 
337.307642 -25.885657 -4.296485 4.771122 -9.365080 7.777327 -7.812251 10.634953 -5.009239 10.154744 -7.195898 9.137140 -9.469171 
343.643964 -21.988063 -1.910826 9.994564 -1.102827 11.018480 -4.333212 12.204408 -4.850588 11.552411 -4.531500 13.312220 -4.372317 
332.340563 -27.971279 -10.430653 8.042864 -2.874814 6.592088 -7.364815 5.037220 -8.316715 9.063980 -5.138620 8.656814 -8.060559 
336.667901 -26.655299 -5.195048 9.279358 -3.987761 7.312414 -6.895809 9.514108 -8.681115 8.906135 -5.214274 8.440013 -9.858532 
342.163746 -25.279348 -1.798422 11.042603 -4.195995 7.220289 -8.283142 9.349102 -9.109706 7.999251 -6.486982 8.316868 -10.802555 
