413.843750 -39.138418 -17.881793 0.214303 -4.791706 16.461304 -10.324245 5.348152 -9.507622 14.700192 -5.421917 6.667443 -14.148174 
431.443178 -22.284311 -5.391420 6.338710 -1.451926 23.212145 -4.832780 9.324363 -1.651614 21.886788 -0.592625 15.402514 -6.565037 
412.832869 -35.457290 -20.358879 -3.254886 -7.129707 14.594402 -7.089372 7.011120 -5.697874 17.388779 -6.042856 8.804233 -11.288274 
420.784928 -18.692535 -7.554430 7.875831 -0.272966 17.832821 -4.022345 10.962866 -3.706980 21.214242 -1.758080 10.600532 -6.091196 
399.394338 -34.646209 -17.471152 -0.662243 -9.086869 15.450890 -11.093070 4.556303 -11.614624 14.222465 -8.353840 7.001529 -9.114771 
408.323309 -29.241580 -10.074216 2.434991 -2.592525 20.232504 -10.830672 8.268675 -5.550136 18.165798 -5.354211 9.608707 -7.426244 
408.418858 -32.267128 -10.292947 2.720700 -6.324917 20.062332 -6.898178 5.332846 -6.359312 19.918740 -4.920380 5.436264 -9.372296 
406.915109 -39.784505 -17.397658 -2.000555 -10.247776 14.390070 -8.809809 6.460085 -7.742605 15.216907 -9.277030 6.689070 -10.420370 
405.539615 -35.460932 -13.722099 -2.284623 -7.232026 15.048559 -10.482569 7.165333 -8.177608 15.346118 -7.326072 8.680290 -9.744408 
404.952363 -35.067496 -19.067531 -2.788361 -8.196404 11.953787 -13.086772 3.522576 -9.893041 13.540565 -10.527708 7.498925 -8.987704 
412.520517 -29.068691 -14.253119 4.130561 -1.595903 19.603214 -5.214899 9.309751 -4.934533 16.041159 -6.022189 13.975234 -4.340158 
416.716713 -30.364698 -10.861172 3.939217 -0.514826 22.137472 -3.183830 12.058230 -4.135492 18.280604 -6.443234 11.669076 -5.734551 
411.271119 -35.006026 -14.414869 0.137355 -4.471142 17.773678 -9.155692 6.732489 -8.098715 13.898251 -11.948965 8.128945 -8.289241 
424.220238 -26.543326 -9.699379 8.523166 0.684015 18.650901 -7.925477 9.110038 -5.851418 16.545339 -8.436546 12.681417 -5.823361 
415.784762 -37.089144 -17.624048 2.118628 -1.737794 17.314027 -9.713074 6.806667 -7.702263 13.915569 -12.763737 7.066171 -10.015265 
424.895227 -26.327063 -9.841845 3.323412 -1.442444 17.878448 -9.616426 9.563096 -2.584844 19.462770 -4.962152 12.439519 -1.527959 
406.474083 -34.601076 -13.535192 -0.851464 -5.644678 14.739197 -13.677055 5.262989 -5.079712 16.051391 -10.994330 6.130296 -4.710732 
410.442498 -31.521983 -12.017068 5.379082 0.511328 17.092321 -8.622944 10.287684 -6.028708 15.075737 -12.109880 6.980852 -4.828476 
416.323139 -32.892145 -14.985948 8.357077 5.848922 19.313609 -8.805418 10.976238 -4.704691 15.799524 -9.074032 10.087587 -4.231245 
411.070861 -30.839550 -16.548674 4.553613 3.223941 16.031810 -10.777775 8.939428 -4.316062 12.972129 -9.930253 8.220777 -5.168006 
407.548908 -32.927453 -15.653866 2.978657 -0.624397 12.720049 -10.819317 8.034876 -2.626810 12.391315 -12.730224 9.882556 -6.079059 
417.093042 -24.462192 -7.731171 6.010812 0.620187 17.124105 -7.926814 10.221813 -0.390401 16.071058 -9.934636 14.858491 -1.123513 
397.224550 -31.591571 -14.567558 1.124650 -3.668516 13.647641 -9.116180 9.282078 -0.531976 17.708380 -8.020434 13.582393 -1.860070 
400.465166 -21.965874 -10.154571 10.259120 1.164082 15.782537 -4.271401 13.416438 -0.979395 12.336891 -8.628521 11.663030 -2.569514 
387.586164 -27.571818 -17.330320 -2.208351 -6.194878 9.772407 -10.148255 10.835811 -5.753923 9.817893 -6.127358 11.236915 -1.964479 
386.535671 -28.004136 -15.511088 -5.027989 -9.328414 7.515188 -10.716221 8.177839 -6.332919 9.992733 -7.899786 12.451012 -3.906732 
381.444430 -32.028942 -15.360879 -1.343686 -9.622742 8.071631 -9.445977 9.303871 -5.401159 7.040591 -12.265944 9.361591 -6.913698 
378.483563 -29.110784 -12.890948 2.732650 -6.237228 8.232403 -4.897193 16.063272 -4.036903 8.073169 -9.632855 11.785933 -6.881489 
382.470340 -30.313668 -13.332485 -0.262855 -7.093241 9.046640 -3.290768 19.895392 -6.529737 5.291727 -10.905259 9.964435 -6.538416 
385.256269 -28.021633 -11.556062 0.608322 -6.929680 13.124975 -3.838197 18.186977 -7.445551 5.798333 -9.342331 10.889068 -3.260700 
373.725213 -32.521998 -14.045186 -3.133521 -10.652270 6.310482 -8.469233 14.863073 -8.501636 3.484842 -12.787420 7.884284 -3.666785 
383.298963 -26.463903 -6.836452 4.139570 -8.190095 9.306852 -3.672089 16.391450 -6.110220 7.006422 -10.283630 7.719510 -3.703162 
383.057790 -27.525744 -6.789526 4.804580 -7.713772 8.804995 -4.659168 15.740777 -7.006480 8.478374 -9.510715 7.011998 -6.856991 
381.853403 -25.963266 -4.796325 6.250314 -6.666588 8.426238 -2.700076 19.619571 -5.994692 9.551793 -7.203351 8.696097 -7.679067 
382.171754 -23.475604 -3.903936 6.389735 -9.633743 5.645845 -4.002412 18.535329 -7.708480 5.893222 -10.987658 6.856994 -5.767629 
384.305557 -19.241324 -0.187767 8.677396 -4.618485 10.278873 0.424815 20.790122 -1.912828 9.861080 -7.221981 11.915192 -3.597822 
372.033012 -28.234254 -4.324297 4.682958 -10.558051 0.994055 -9.654626 15.000139 -3.824430 7.916205 -12.079198 5.558158 -11.132400 
378.484895 -22.882443 1.057563 8.953075 -7.480147 6.839184 -6.721213 17.595849 -0.264787 12.631954 -6.830189 10.861503 -7.999984 
362.611010 -30.502257 -5.513389 0.921839 -12.192253 4.065668 -11.294587 14.163357 -4.431439 8.344130 -12.485152 6.407781 -6.586957 
353.295258 -28.489863 -6.190844 -0.136877 -12.420889 4.238512 -7.785413 15.836337 -3.522908 10.341946 -9.833009 7.344260 -5.187811 
346.824959 -26.245383 -6.528949 4.783247 -9.921243 1.430775 -7.573062 12.178462 -8.542184 5.615324 -9.185691 6.373121 -9.472326 
350.312085 -19.961933 -1.643032 10.278981 -3.174809 7.281003 -3.368818 15.264006 -5.944735 10.432375 -4.275396 12.281053 -3.541651 
343.534603 -29.248016 -5.896061 10.950587 -3.620816 3.859611 -8.625131 11.261766 -7.388244 6.267615 -5.895902 8.714105 -10.159205 
356.846780 -23.936910 -0.996303 15.109082 -0.469594 7.132599 -5.563473 16.176748 -5.112517 8.829779 -2.923762 10.759750 -8.946430 
338.958513 -32.672951 -6.240455 5.668720 -10.437687 -1.626393 -9.555522 11.511512 -14.749718 -1.100015 -11.445592 7.644952 -10.945650 
342.009453 -26.672731 -2.937424 12.800866 0.967983 10.826869 -0.610975 15.485240 -7.737554 6.724218 -7.134323 9.645030 -5.033498 
335.383389 -30.937356 -7.706767 11.478749 -1.731191 6.677546 -6.383260 8.873885 -11.603144 4.767350 -7.867961 8.233941 -7.204450 
341.182366 -22.312570 1.018951 14.864146 2.403684 12.569973 -1.698958 11.866067 -9.150672 10.134942 -2.862850 13.646762 -6.377835 
