291.745043 -43.669656 -7.358027 13.422382 -3.462561 5.697610 -3.356868 7.507669 -13.980780 11.009742 -5.285961 8.296057 -0.727141 
340.596623 -48.472524 -4.820478 13.332224 -6.837077 12.216094 -4.329153 12.982336 -11.106075 12.985824 -8.497544 6.715881 0.378968 
370.205408 -49.094904 -12.570056 10.634505 -7.591673 10.735195 -6.853222 13.809337 -10.357728 17.285274 -3.404282 11.762809 3.957569 
388.659218 -48.558284 -11.777044 13.789219 -10.823690 8.273310 -7.241222 13.867298 -9.999966 16.588473 -2.517269 11.204997 -0.379003 
388.216147 -50.653524 -7.651961 17.037805 -9.480493 14.466847 -0.435816 22.236836 -4.742983 19.498660 -1.913276 8.353747 -2.419826 
389.281113 -45.140106 -7.020155 17.555775 -8.499958 12.684462 -6.265891 18.797553 -6.230348 16.044628 -2.892291 10.185007 -0.453185 
373.081306 -50.491458 -13.841145 17.162390 -6.871447 12.160971 -5.128482 15.632214 -7.052041 14.057030 -2.618646 10.652812 -0.587893 
369.555847 -50.083225 -17.180265 9.965250 -11.807398 9.334422 -8.033837 13.175004 -6.832539 14.141199 -3.637613 5.907905 -4.084676 
373.020840 -45.757549 -11.135960 17.188635 -3.520311 6.459181 -10.161314 16.512706 -2.981944 16.280694 -7.126702 2.576004 -5.519704 
371.892907 -43.119433 -12.375717 14.477817 -4.522570 6.873819 -7.897108 15.239283 -6.620480 13.012899 -5.951684 7.149782 -2.811573 
342.299553 -48.625935 -17.990546 8.618053 -8.414037 7.136681 -3.753661 18.518681 -3.099286 10.959464 -6.253118 8.651095 -3.071504 
342.309426 -35.760932 -8.538579 13.699467 -6.592935 7.963773 -5.553768 15.945854 -4.167640 10.887687 -5.485837 13.265743 1.114577 
306.536865 -45.254038 -15.570972 8.692497 -7.896669 3.001682 -10.100993 13.288834 -2.155641 10.689663 -7.516911 12.605144 0.858244 
304.938789 -27.307151 -4.171552 14.782037 -1.486483 6.503696 -6.446002 11.667727 -3.087662 13.498209 -2.543472 9.358238 -0.130838 
266.627181 -49.331402 -13.651039 13.175802 -2.012860 5.213038 -1.531712 15.188709 -2.484336 11.960474 -7.020418 2.755599 -5.027270 
256.652104 -51.944540 -12.000922 15.076064 -2.269737 4.171746 -4.360454 6.932028 -13.274563 5.772921 -8.594372 2.788004 -4.369264 
263.830353 -43.552897 -6.512013 14.420253 -1.698716 4.272985 -3.681518 11.134748 -8.173623 10.516119 -5.803913 4.778896 -6.011127 
271.117370 -33.746581 0.873877 17.088629 1.771532 8.699460 -1.459692 12.792269 -5.443704 11.798644 -3.143263 7.881504 -4.178450 
