378.764582 -41.110122 0.341624 16.283065 -9.567072 19.387670 -4.372748 12.685267 -3.804231 7.918259 -5.189871 10.946190 -10.356408 
388.816305 -27.663137 7.359972 18.458497 -10.906272 14.315113 -5.425049 11.667984 -4.452084 9.221337 -2.971101 14.990616 -4.773836 
381.737160 -27.536846 3.244512 16.377817 -13.419728 -0.149106 -13.149657 9.523285 -4.192087 8.202078 -9.193363 11.809016 -6.120355 
402.121042 -19.332266 7.488087 13.550472 -9.237652 10.083432 -11.972664 13.533754 0.261686 14.603522 -5.163728 15.411593 -4.526367 
399.886297 -30.635175 -3.249514 2.092713 -16.157218 2.373984 -20.459479 4.737629 -7.441479 9.190120 -12.074170 9.185639 -12.302568 
407.282929 -21.552666 3.148023 9.775406 -7.753122 7.473221 -13.208814 10.477945 -3.406080 14.167912 -6.239246 14.163559 -9.199178 
389.821046 -29.004129 -1.275887 4.920875 -13.819103 -1.076982 -18.749875 8.278434 -8.064137 10.164992 -8.119428 9.978856 -8.618167 
393.154975 -20.983118 4.879997 9.867542 -9.639082 4.907921 -8.583364 14.801056 -0.564532 16.072807 -2.963369 14.185590 -6.248893 
368.007531 -30.081639 -2.797164 5.387891 -17.560292 -2.519709 -13.917115 9.994292 -0.052391 17.719093 -1.406020 12.970478 -7.630800 
366.399016 -23.331469 -0.277712 5.869353 -12.309825 5.225455 -6.039786 12.619220 -2.402176 17.590659 -3.080809 13.197873 -6.854187 
349.048797 -25.125820 -0.385530 8.500664 -4.879231 6.260112 -9.362444 9.187989 -4.703133 14.704141 -5.261386 13.371302 -6.207990 
331.344699 -25.193094 -2.648003 9.439767 -1.034507 10.630407 -7.234178 9.820682 -2.739540 14.348085 -5.455329 11.117018 -5.606645 
318.559673 -31.216109 -8.267394 5.197592 -6.668041 8.085134 -10.803688 3.474135 -5.969931 12.647748 -8.550225 5.592924 -8.985086 
318.048601 -25.826206 -4.117915 9.696477 -0.578274 13.808551 -6.126449 7.112966 -4.914574 14.371943 -4.822112 9.174566 -5.907210 
