346.382872 -30.986533 -2.115924 11.847175 -8.784055 4.770843 -5.671289 4.736054 -14.327301 11.558217 -5.028363 13.436571 -4.454322 
368.423060 -27.962582 -5.117058 11.200579 -9.090993 6.499057 -1.737845 9.960508 -9.338881 12.945547 -6.599159 11.140894 -3.090699 
361.354484 -31.983065 -5.595490 9.388202 -13.265088 3.516506 -6.683116 5.477799 -12.665987 9.536374 -11.679723 4.258926 -6.536894 
362.259956 -33.323099 -2.032124 16.886228 -8.096987 2.891452 -8.525652 10.408908 -10.148038 9.834460 -9.879082 6.591315 -3.983678 
372.599747 -33.897821 -4.825912 15.720493 -11.090636 1.887669 -9.663638 6.804030 -12.319363 11.809810 -9.364242 5.698864 -6.067337 
385.404174 -29.705750 -4.050047 14.049840 -11.305840 2.830290 -8.037677 5.052866 -15.709129 11.439148 -8.600837 8.794038 -9.164875 
383.891495 -27.454481 -1.996042 14.039223 -6.984968 7.153919 -6.844126 6.396867 -11.489066 15.449133 -7.277826 11.556949 -5.659609 
375.435856 -26.686727 -0.270819 15.798803 -5.351945 5.378202 -7.822876 8.344903 -9.240377 15.103694 -6.709220 10.865333 -4.501812 
364.289992 -32.283182 0.723115 17.026747 -5.916331 6.572322 -5.313283 9.125311 -10.954640 12.008648 -5.525964 10.577427 -4.547025 
367.270345 -28.126194 2.162032 18.140586 -5.886248 8.847702 -5.741059 7.836564 -8.927072 13.857842 -4.434679 9.403244 -4.109407 
358.949146 -33.241552 -1.669094 15.502923 -10.528919 -1.799134 -14.585427 5.202164 -9.318297 12.204605 -8.114209 6.548970 -7.532876 
361.650615 -32.343242 -1.610971 12.798171 -13.037504 -4.912843 -14.217846 3.939176 -14.085641 6.696165 -11.009072 7.570460 -10.230695 
365.459028 -28.543599 1.030545 13.020594 -10.512443 1.338815 -6.744326 8.301867 -11.312217 11.439595 -6.563876 12.314505 -6.036280 
370.848094 -21.076249 8.124359 17.672008 -4.500295 7.233969 -2.163934 12.950118 -8.316225 14.309864 -2.970191 14.321195 -4.695119 
356.286704 -29.406762 1.631572 12.903048 -6.151594 4.148943 -10.891122 6.791195 -11.532640 10.670547 -7.489365 9.494922 -8.141724 
370.366842 -25.114766 4.661064 16.958302 -2.011001 13.434693 -4.834471 9.851938 -9.170049 12.811512 -3.605186 12.499759 -2.264110 
368.999712 -31.017229 -0.379040 13.151735 -8.561260 5.804760 -8.467190 8.231480 -13.577719 8.093239 -5.120674 10.221339 -6.824346 
367.364521 -27.248274 3.572175 19.696859 -1.699599 6.995023 -6.680812 11.033368 -8.894775 12.031028 -5.425839 12.274574 -3.087093 
361.315747 -30.356648 -2.010045 14.199442 -7.465384 4.938354 -11.044636 7.254942 -8.150575 10.844689 -10.315749 8.108400 -4.257084 
367.563759 -25.183083 0.710667 16.558759 -6.366753 6.511526 -6.477540 12.337311 -4.720710 13.999617 -4.989722 10.432830 -4.315968 
359.547020 -27.646931 3.476726 15.552331 -10.571366 5.006865 -5.222375 8.064650 -10.560811 12.519360 -5.627618 8.188366 -8.799624 
364.106651 -25.086851 0.713072 14.605875 -9.971122 6.058401 -4.286218 8.567616 -8.899666 12.360090 -3.886863 11.076744 -6.566252 
361.345488 -30.024881 -5.887701 8.639441 -10.610132 1.314762 -6.992291 6.685971 -11.637092 10.858622 -7.703616 7.787351 -8.501461 
375.543301 -24.258045 2.490020 14.765704 -4.989182 2.891219 -7.091138 10.759989 -9.516470 13.711231 -2.586800 11.618555 -4.305101 
368.452294 -35.263261 -3.020888 11.909474 -12.232957 -4.614169 -14.558672 5.289203 -11.402212 13.744941 -5.962232 7.862177 -8.268808 
375.318061 -27.863519 -2.170341 14.604651 -8.345328 2.007137 -6.186754 12.016995 -7.143854 17.190762 0.151196 14.363642 -0.327647 
363.249745 -36.133675 -5.824969 12.032673 -10.386419 -1.650763 -12.624064 5.630005 -11.484423 14.895855 -0.952242 9.522413 -3.913957 
367.258753 -35.659815 -5.384149 12.612534 -10.730348 -2.688526 -13.413894 4.782292 -13.389997 14.867363 -4.403756 5.841274 -7.337945 
363.720740 -33.000157 -4.368187 14.337186 -8.904942 1.270347 -9.864019 5.461557 -15.663552 12.699907 -2.440132 9.474393 -3.883089 
371.696168 -21.567919 4.371819 19.973612 -3.503198 6.992076 -5.180821 11.674413 -9.953388 11.608106 -1.813296 12.132096 -1.885544 
356.199352 -33.749345 -4.453756 9.806695 -11.019497 1.337495 -13.239695 1.922151 -16.979953 7.758212 -2.803666 10.073379 -6.031831 
373.126791 -21.595766 2.964547 14.638370 -5.985171 8.098241 -3.897779 8.173812 -8.001927 17.467144 1.773281 14.397138 -2.290971 
363.674596 -29.255706 -1.068157 12.861126 -7.377573 2.709204 -11.004059 3.656806 -11.630566 15.155747 -0.797850 12.729388 -3.366570 
359.300737 -27.283059 -1.222828 14.653314 -4.156659 2.891937 -9.917964 5.609167 -10.347345 16.361926 -0.309145 11.867397 -5.987290 
352.353029 -31.793993 -5.232785 8.179822 -10.122302 -1.734260 -14.005234 1.438679 -16.657647 10.986390 -5.221404 7.971164 -6.061912 
362.779019 -24.430558 0.297039 14.887852 -5.028764 4.583113 -6.405209 8.423057 -11.003031 12.234729 -1.244420 12.918906 -2.600144 
362.225094 -32.489739 -6.630767 11.707415 -8.857485 2.112615 -8.731103 5.214062 -11.548566 9.607915 -1.806892 11.092907 -4.127489 
371.039395 -30.434964 -7.699146 11.255904 -7.348356 4.384067 -7.770891 7.833424 -10.841221 12.508270 -1.749970 9.892355 -7.156048 
360.432219 -29.253474 -6.620223 12.119220 -9.043381 2.584467 -7.272135 8.822628 -11.506366 13.382806 -1.060032 11.303446 -5.313722 
348.227627 -33.805925 -8.412241 10.407880 -12.461569 -1.059741 -8.597716 8.864761 -11.802644 12.112659 -2.765348 7.478438 -5.801225 
348.467921 -31.969096 -5.992907 10.796040 -11.805250 -0.022507 -7.863898 11.682645 -9.307007 14.553643 -1.328718 9.481187 -4.577864 
355.402186 -29.300120 -3.866016 14.593673 -5.986654 5.075211 -5.523907 11.823986 -8.911760 15.405416 3.783214 13.574511 -4.467670 
352.421125 -34.959359 -7.310950 11.805086 -7.952932 0.755511 -10.102449 8.276708 -13.493338 9.374433 -2.890334 8.672076 -9.371008 
364.488744 -24.794785 0.528226 13.144768 -4.492396 3.813736 -8.399531 18.735357 -5.783109 10.246440 -0.962487 13.700879 -6.425212 
354.606885 -32.089308 -7.949180 7.362207 -8.799522 -2.207590 -17.088895 9.821778 -9.714496 7.954052 -4.825654 7.099068 -13.307854 
337.156044 -30.871158 -8.348173 14.580937 2.551427 10.870116 -2.897583 12.089961 -3.765454 14.339875 -2.337792 9.854861 -6.754987 
332.405769 -31.284204 -6.986819 10.320453 -3.412731 2.960547 -10.881194 4.406666 -9.681516 8.113306 -9.947941 7.414806 -9.162778 
337.764805 -24.750037 -3.599772 9.345179 -4.419714 3.688632 -6.918377 8.361780 -8.973712 7.851018 -9.094568 8.946810 -7.015019 
325.924810 -27.392654 -6.319471 7.314200 -0.936385 8.919582 -4.120253 12.228600 -8.190268 8.541120 -8.908595 3.266213 -10.534413 
330.037797 -25.871662 -3.726218 10.672264 1.451858 14.179160 -4.915741 10.429072 -8.316288 9.269593 -5.578495 10.437836 -5.080434 
326.576267 -28.200499 -6.166080 9.408843 -0.102434 12.181772 -6.476857 8.456643 -11.581469 4.057105 -10.615379 8.078325 -6.531494 
