316.386974 -29.980968 -9.391265 7.845475 -0.839349 8.799394 -3.433062 11.357456 -4.279926 10.816664 -5.213929 13.876474 -4.803227 
350.947976 -31.509987 -9.480087 0.322174 -9.300207 10.737703 -4.747235 13.767435 -7.286433 4.939242 -11.406945 8.162376 -4.877837 
379.665912 -33.713928 -14.864969 -2.704032 -9.855918 8.090903 -9.863095 12.387684 -6.943573 7.361994 -11.828542 9.963484 -3.811306 
404.525912 -25.844191 -7.884677 4.674984 -6.280667 12.558239 -4.853596 19.904162 -0.968476 10.802737 -12.868864 12.689947 -1.595127 
404.348862 -25.970623 -7.637263 5.018421 -6.092546 13.351496 -5.400485 19.875973 -0.257103 11.108959 -12.676976 12.911713 -0.581213 
402.725712 -22.861270 -7.877750 1.608926 -3.141092 14.826912 -2.761957 19.567288 0.178923 12.449000 -8.227720 12.016187 -4.380219 
393.840154 -28.844307 -14.357586 -2.703673 -7.972275 9.707710 -5.733759 13.891922 -4.566997 7.388139 -13.518763 8.367769 -8.741252 
395.546894 -21.788261 -7.777983 5.526964 -2.759950 13.497046 -2.125887 18.068010 -0.383838 13.223312 -9.284178 11.201486 -3.935467 
390.709961 -27.705653 -6.936344 6.179470 -5.376034 11.829666 -2.552418 19.341509 -2.386965 12.043896 -8.963482 9.041571 -6.059657 
404.875555 -24.085721 -9.287807 5.905890 -7.989179 9.832960 -4.043256 19.654875 -1.178199 11.872332 -9.110493 12.935076 -2.716608 
399.178352 -35.040339 -17.223206 -3.765871 -15.284757 10.234608 -7.393944 13.291593 -7.068663 4.794043 -17.405102 5.896936 -6.267837 
414.487839 -19.610794 -3.034265 8.210247 -7.913846 16.205128 0.157143 20.275064 -0.528207 12.717458 -7.675610 12.624632 -1.339016 
397.368856 -26.458094 -7.294783 5.034424 -8.390506 12.997275 -1.040187 18.148588 -3.075438 9.913088 -10.360888 11.695998 -4.966096 
406.364607 -17.349412 -0.230786 8.729156 -5.182881 13.123139 -4.443722 18.778850 0.396909 16.086616 -5.956695 13.105662 -3.445138 
393.645080 -25.676412 -10.273450 4.375012 -8.573818 8.691813 -9.276653 14.873661 -3.181599 10.738865 -10.182170 7.453023 -7.013699 
396.338062 -24.152023 -11.109315 0.622691 -11.327778 5.815105 -4.916580 13.937487 -4.729935 11.983173 -8.051999 13.675020 -2.154501 
398.189318 -30.876287 -13.984923 -4.087919 -12.230656 7.823704 -5.259116 13.216685 -8.571194 8.161074 -13.436209 9.188305 -5.287870 
411.316466 -25.459578 -7.897060 -1.988346 -7.042635 13.391485 -5.263351 16.385940 -6.288702 10.357284 -8.130243 13.517170 -1.887552 
404.480842 -34.905372 -14.312547 -4.894356 -14.615559 8.004634 -8.962816 15.453542 -7.249816 5.948716 -13.221440 9.203231 -2.807420 
409.538099 -26.378554 -11.566874 2.838789 -8.517573 10.645359 -7.452114 14.612164 -5.527388 8.198528 -11.391967 10.692066 -2.305460 
393.894436 -28.248580 -16.090889 0.067421 -6.772498 7.148673 -7.050091 11.568195 -3.341962 11.722700 -11.282358 11.645171 -3.757920 
409.380527 -19.877206 -5.250192 6.328627 -5.529948 13.113164 -1.566069 17.698234 -1.849184 12.916379 -8.889480 13.106560 -2.288089 
392.138367 -37.009168 -17.808131 -5.026539 -14.044495 6.263435 -6.937763 13.812184 -6.465404 7.683858 -12.322745 13.126822 -4.810185 
405.683413 -14.793139 -2.041628 5.440732 -4.679846 13.903827 -3.537652 16.970215 -0.711738 14.473801 -5.208949 19.112376 0.255632 
381.485257 -33.845012 -17.957205 -2.547580 -10.947094 9.697648 -9.400962 12.706317 -4.584188 6.893651 -12.441475 7.565806 -9.213384 
402.063359 -15.710192 -4.945947 6.464364 -3.298848 15.807052 -3.900066 13.644734 2.191729 12.541291 -8.545087 13.712136 -3.684342 
387.085740 -28.370896 -12.754479 -0.463676 -7.480252 15.466257 -4.029671 11.285510 -4.983397 8.062110 -12.051096 11.306248 -4.001623 
391.123005 -20.087194 -5.163767 5.868347 -1.515954 18.790355 -1.324164 17.330477 -3.383693 10.803437 -8.122337 12.826206 -0.327127 
384.299121 -31.257500 -13.314192 -4.332407 -8.635208 6.887672 -11.349901 9.918943 -9.573556 5.283232 -15.591993 9.725714 -3.281541 
392.480622 -26.326714 -8.602600 1.919756 -0.658273 15.116242 -4.124650 14.587948 -3.678206 11.731404 -10.223239 14.554977 -2.235755 
379.157321 -31.709879 -14.330623 -0.467144 -4.593111 11.301768 -7.147212 13.001540 -6.051076 3.890649 -16.756646 7.182480 -6.392418 
392.495032 -22.971513 -10.774630 0.455403 -0.132975 16.446926 -0.922879 18.638280 -0.218692 12.400503 -6.375302 14.412163 -1.729175 
383.490692 -30.347096 -15.351575 -4.200628 -5.057381 12.608337 -5.247522 13.195991 -6.883970 6.179152 -11.828694 11.268234 -2.364978 
373.197878 -22.756861 -6.833877 1.987965 -3.731823 16.310853 -0.870194 15.970507 -3.966409 13.380576 -5.305083 13.182318 0.064103 
372.705806 -23.151937 -5.826466 3.609187 -2.112280 12.249526 -2.133582 16.236057 -4.546828 6.925367 -11.849947 12.689443 -3.491100 
371.290708 -19.474513 -4.440298 5.182698 -0.735932 12.023517 -0.934487 17.397653 -1.626175 9.104398 -9.928202 14.811503 -3.375535 
335.312477 -24.692235 -12.157146 6.460688 -1.497660 10.697325 -3.572957 11.925113 -3.584523 10.912752 -6.812347 9.619335 -3.541179 
351.570549 -21.537394 -8.100145 5.216586 -2.854190 15.699046 -5.230711 13.027177 -0.189781 10.934234 -11.482083 9.083670 -3.968778 
