372.990551 -24.938280 -12.651540 0.496977 -5.417943 6.474350 -11.712061 7.404187 -2.147150 14.887892 -11.817910 8.886410 -7.719055 
398.362107 -23.405127 -10.561899 2.347081 -7.206859 6.534523 -11.226298 9.853073 -0.336853 17.147221 -9.249932 8.714722 -8.983758 
399.145349 -27.542331 -12.132226 -1.096039 -11.401302 5.823906 -12.402992 8.121636 -2.509031 12.602375 -12.442240 5.152532 -10.370799 
415.823352 -18.663000 -3.999500 6.345660 -4.971032 10.403316 -8.472619 15.346959 1.228400 16.028754 -8.886878 8.540762 -6.864817 
412.646978 -22.863604 -8.747834 1.946971 -8.153911 7.059980 -12.330400 11.786291 -2.789766 14.006257 -10.502489 6.884751 -8.867884 
415.888300 -21.490208 -7.177928 5.870971 -5.992032 11.265969 -9.210267 11.801657 0.336735 16.323998 -8.028354 8.324625 -10.472693 
410.195520 -26.987892 -10.923990 3.568510 -7.301290 11.137514 -9.420457 10.801084 0.404041 15.532417 -9.009485 7.682245 -10.817409 
415.577376 -21.079116 -10.651270 4.909026 -6.116200 7.813712 -8.619499 13.757134 1.154540 15.144999 -10.898011 8.335426 -5.588149 
405.035838 -27.167480 -14.619026 -1.426549 -11.135869 0.681038 -15.797060 8.860755 -5.594270 11.165837 -17.346155 3.131643 -8.611113 
413.890519 -19.770727 -3.149884 2.764565 -5.384313 13.628530 -10.263767 15.339316 0.577156 17.904232 -11.394912 8.662949 -5.064932 
406.580081 -26.437721 -8.692188 1.184636 -11.342362 7.014070 -15.418685 11.382016 -2.917395 14.232146 -13.932576 6.454619 -4.391544 
417.676495 -19.010664 -5.188910 4.790971 -7.175598 12.072227 -10.592715 12.166781 -2.729316 16.454493 -9.043196 8.332825 -5.783554 
409.307715 -26.832040 -8.272441 -0.962955 -9.999331 5.523539 -14.818597 12.092870 -0.805490 16.072273 -13.396475 5.293184 -5.465220 
402.840092 -22.645740 -6.823181 1.713882 -1.300688 9.790643 -10.289541 13.123873 1.048573 18.777689 -7.898864 10.669821 -4.285135 
395.725650 -27.384469 -6.233964 3.181124 -6.602670 7.691544 -12.073514 11.306068 1.245277 17.797041 -9.971551 7.437887 -7.641150 
412.515615 -22.510676 -8.266706 3.953486 -4.334820 10.666868 -11.825671 12.062268 0.351332 15.980204 -7.526706 10.651570 -7.119548 
406.224320 -23.426562 -10.631301 -0.872650 -8.413189 6.399642 -15.819477 9.632520 -1.806977 12.236190 -10.458267 9.397803 -6.444644 
401.848924 -20.289406 -5.850698 -1.436450 -7.629402 8.905006 -11.519093 9.993708 -3.861372 14.107128 -9.628319 8.883125 -4.792551 
397.507308 -29.475465 -15.872422 -1.501630 -13.102862 2.876308 -14.897124 8.868163 -2.457294 13.171077 -13.754637 5.450078 -6.721778 
396.576726 -31.793575 -18.579967 -0.941040 -12.407416 5.685144 -13.353104 6.317380 -3.697084 13.450489 -13.096838 4.979344 -8.948663 
390.050500 -31.679548 -13.643467 2.607182 -11.570420 3.757443 -13.694937 6.853445 -1.255458 16.497008 -12.125631 6.162902 -5.277442 
397.983938 -20.928585 -2.052673 11.461305 -4.137259 9.633256 -11.206869 8.722129 -2.253249 16.092286 -8.621002 8.883555 -5.214123 
387.854238 -23.658902 -4.225833 4.279534 -7.785340 7.750133 -14.916179 9.936819 -0.125409 14.451924 -10.348174 7.886075 -6.072754 
400.634946 -17.402459 -3.729498 7.048244 -1.646534 12.642888 -8.777609 14.347720 1.055876 17.899407 -7.069820 9.516527 -4.780507 
391.932972 -25.436562 -8.690034 5.087591 -7.916178 3.524636 -13.394794 9.629857 -3.345186 12.603325 -13.838833 5.692222 -5.688152 
394.357787 -17.627149 -1.390393 9.534870 -1.896653 13.644494 -6.462139 11.622994 -2.245576 17.577229 -8.534088 9.333072 -2.769269 
377.641777 -29.273922 -6.782078 3.546144 -10.737777 3.700939 -16.353024 7.959453 -6.306609 10.898367 -12.269821 4.370999 -7.745286 
383.138169 -21.625065 1.677534 10.040521 -5.565527 10.536846 -10.099858 12.021570 -3.073157 14.742584 -4.879375 8.448743 -6.358812 
373.278296 -25.854527 -3.304572 4.619370 -10.660383 5.315484 -14.522038 7.173047 -6.421026 10.961919 -11.666652 4.742935 -7.669391 
376.062366 -21.645135 -3.301241 7.966865 -5.891377 8.814526 -9.640275 11.104035 -1.138705 15.482792 -9.790887 8.654052 -3.292849 
372.416863 -22.335375 -4.107892 5.545901 -7.726236 8.792697 -11.928573 9.434952 -3.182270 12.924588 -11.170132 7.267993 -3.838298 
371.751503 -15.697466 0.000698 9.965131 -2.555008 11.236858 -5.580733 12.404784 -3.395279 15.688117 -6.875950 9.883432 -2.415121 
368.514668 -24.430637 0.699234 7.897106 -8.092191 7.370766 -11.993900 10.983824 -4.336440 10.340417 -11.082324 5.347094 -4.456900 
374.883505 -18.525252 6.656077 11.698468 -1.892211 14.345492 -7.152337 15.647704 0.803167 13.538892 -7.315757 11.005859 -0.662984 
367.416447 -22.251807 2.214368 6.758283 -7.886412 8.459611 -11.233262 8.321252 -5.294091 11.431808 -11.969722 7.468723 -4.166718 
378.333113 -18.821030 2.677187 13.970590 -3.724862 11.730180 -7.333065 12.611098 -1.198246 14.767994 -5.476330 10.263766 -2.252717 
369.781049 -20.520021 -0.717127 12.577916 -7.530032 7.737246 -10.648477 9.914537 -3.841451 9.846047 -9.396933 6.098675 -5.826154 
362.633019 -19.713437 4.602979 14.337538 -2.391344 11.824088 -7.440149 11.878905 -3.698029 12.505888 -6.666367 10.364579 -3.858147 
358.555070 -22.402449 0.014065 6.202384 -7.780333 5.930605 -11.299948 5.237116 -9.534258 10.176463 -11.390278 8.684015 -8.517302 
356.106720 -17.129074 1.672341 8.784562 -1.008070 11.035407 -9.475357 6.690807 -3.446577 14.219440 -9.486077 11.651983 -5.426994 
337.509480 -24.453556 2.039009 7.602958 -2.866498 9.237458 -14.706608 4.704313 -6.196573 10.988466 -13.799477 3.926403 -8.481951 
336.020975 -22.324493 8.515709 14.247465 1.195464 13.170391 -10.740563 8.298733 -4.273077 14.196927 -8.481698 9.926824 -3.427516 
323.819431 -30.415222 -1.896564 6.031048 -5.752789 5.257125 -16.635078 2.132610 -8.118000 8.615867 -14.686551 2.306538 -9.213222 
330.442102 -22.068909 6.193445 14.978799 4.179953 14.892603 -5.139584 11.207944 -3.434219 13.510221 -6.340895 8.654213 -3.555592 
314.088516 -34.907140 -0.112201 8.006803 -7.571223 4.884876 -14.913729 1.693461 -11.951057 2.098607 -14.645301 0.606638 -9.545893 
323.682163 -22.229633 8.460881 17.717010 3.922523 15.424610 -4.199307 11.377526 -1.907691 9.167141 -6.708907 9.434820 -1.747379 
308.319639 -32.843799 -3.701212 11.966313 1.474784 9.703261 -6.850518 8.699899 -7.641546 2.702011 -16.816230 0.509366 -10.788853 
303.667638 -27.353885 4.975131 18.275907 6.334265 10.878734 -4.837190 10.190549 -3.013105 10.550929 -7.877808 8.203420 -5.120516 
