301.922269 -30.971872 0.947825 12.798068 0.229439 6.645626 -9.727986 4.760089 -10.076062 3.878823 -10.859221 8.007723 -8.971193 
323.956855 -29.236279 -0.776760 9.926899 -0.989915 6.489283 -10.303762 3.441516 -12.730487 3.749200 -13.948005 10.469510 -7.510058 
331.310723 -28.018769 -0.035705 10.938311 -0.639336 8.459766 -10.479680 3.080088 -11.658035 6.641447 -10.190764 11.410325 -6.796868 
337.882303 -22.561160 2.347288 11.602745 -3.308234 10.791225 -9.409959 6.030157 -8.337229 7.359180 -7.430971 9.118473 -4.625491 
325.384084 -26.633206 0.565545 11.195215 -3.991135 9.132515 -13.110305 3.807036 -9.329377 6.261272 -10.620283 4.134021 -8.146208 
309.457016 -32.296697 -4.172075 5.202456 -7.697263 8.671568 -7.324180 3.941481 -10.577982 5.653534 -9.127679 9.696796 -4.042773 
329.933187 -27.295033 0.920379 10.782648 -3.359965 10.663743 -7.744833 2.972386 -10.016590 7.568312 -7.111244 12.308815 -4.259638 
334.210526 -30.419033 1.037356 7.615232 -7.063546 2.716162 -15.933521 2.425339 -11.886058 9.462440 -7.381831 12.496930 -3.761997 
336.259366 -26.976205 5.647175 10.996408 -3.990701 5.999378 -13.646947 3.871094 -9.992803 11.672658 -5.170075 12.752652 -4.545242 
352.083407 -25.006367 5.181737 14.413953 -6.430022 7.957949 -11.246776 4.703358 -5.155953 13.650142 -5.995721 12.256457 -4.314758 
359.770688 -29.810907 -0.051433 9.408924 -10.377794 5.654418 -12.326306 0.871688 -11.798421 9.162972 -8.463065 10.525724 -8.613255 
376.902662 -25.098512 -1.084525 13.197355 -7.797774 6.743598 -8.593888 7.427659 -6.082101 12.957700 -4.600877 12.917459 -5.863137 
371.525488 -28.043358 2.065639 14.187220 -7.578227 3.098993 -14.034984 6.795105 -8.029328 12.255526 -6.341125 10.252330 -8.670632 
379.249113 -23.887059 -0.350684 7.623775 -9.417502 3.325747 -12.420733 8.015342 -7.895259 12.046236 -4.619610 10.990831 -9.386148 
377.151179 -30.134960 -4.019180 8.234335 -11.318374 -0.486867 -16.182784 4.913539 -12.157689 10.183239 -3.800061 10.191942 -10.794451 
390.014346 -23.513066 2.903458 14.467397 -5.737205 4.536130 -8.753440 12.066653 -6.317996 15.415350 -1.604779 15.559087 -6.906519 
380.013763 -32.230511 -2.355549 9.055080 -12.678452 -5.494452 -15.233032 7.664803 -10.132269 12.342831 -7.183489 11.473501 -12.470855 
389.826854 -23.899914 6.872296 15.630668 -6.185970 1.133121 -6.607586 16.213236 -3.324409 18.518421 -3.304537 15.093469 -7.688492 
383.922835 -31.331488 -0.294108 12.140203 -8.633093 -1.558540 -16.996547 7.295420 -6.003282 16.157062 -3.922301 12.474572 -8.958823 
398.347316 -22.040510 3.438493 13.975080 -5.431397 7.433273 -12.735939 14.128330 -0.670098 16.465711 0.051377 14.648642 -5.525957 
394.950111 -29.119796 0.314622 9.534683 -8.787660 5.087737 -13.073652 12.731051 -2.316561 16.266379 -1.306455 18.641502 -3.138953 
405.949222 -18.923371 6.758154 12.454054 -5.573712 8.279838 -9.665674 12.636187 -0.952766 17.865236 -2.615037 18.980888 -0.898642 
388.836910 -30.544805 -5.161607 3.464078 -12.002567 1.133997 -17.554411 9.599468 -4.029386 14.891183 -6.286814 11.615416 -4.442106 
398.628073 -18.158888 1.195388 13.452839 -2.584141 9.349769 -9.961288 14.463509 -1.254207 17.946853 -4.965882 14.845741 -2.167540 
383.221696 -30.731683 -8.437449 3.304291 -10.058699 -0.372999 -15.838310 9.380225 -3.356176 12.062378 -10.382530 13.494374 -7.622144 
393.320932 -21.547142 -1.382389 8.379219 -4.579969 5.877196 -12.531388 12.855976 0.111212 13.224851 -7.683327 15.611962 -4.571700 
390.764223 -27.713002 -6.735480 10.370653 -7.600729 3.188791 -16.247971 11.494148 -1.341748 13.980860 -8.710532 11.974832 -5.594366 
400.385873 -23.065578 -6.318632 8.381086 -5.688227 7.952115 -9.343551 13.581776 0.814638 17.675594 -5.367741 13.945859 -2.586660 
388.625925 -25.769654 -3.341229 8.468372 -7.710266 0.782910 -14.251805 9.527479 -3.229107 13.588144 -6.953697 9.425398 -5.662329 
386.958428 -23.238154 -6.844650 4.895632 -7.872418 3.804348 -12.988157 8.099031 -5.951849 12.754724 -7.884497 7.825360 -6.771489 
378.766219 -26.120229 -5.269920 5.919038 -6.499101 4.808517 -12.397652 13.341039 -0.249064 17.242262 -2.720934 14.047285 -0.290872 
383.116756 -24.023256 -5.433486 5.473708 -6.879866 5.724615 -12.068845 10.928934 -1.097093 17.382839 -3.051134 13.032390 -3.401580 
370.040734 -28.477163 -8.309052 0.702445 -11.057084 0.925263 -17.943964 7.059928 -1.775290 14.998920 -8.627925 7.364919 -5.936683 
367.612051 -32.500911 -10.446305 0.987877 -13.106555 -0.921582 -17.123585 7.447133 -2.721442 11.858919 -13.800667 3.535443 -7.995479 
369.237733 -29.352744 -7.758365 6.286233 -10.485168 3.453194 -12.217350 7.312807 0.382953 15.834290 -10.238903 4.418719 -7.528481 
367.596607 -23.525177 -2.735739 10.987922 -4.892733 7.360483 -10.460900 11.249719 2.634814 14.726067 -8.804755 10.247547 -6.428405 
355.895302 -28.465403 -1.193146 4.725350 -7.699868 4.708515 -11.695020 10.182292 0.645442 12.795862 -11.897119 9.043354 -12.868911 
358.098829 -25.254104 0.237397 2.402742 -7.582599 5.655601 -11.021261 11.630442 -0.488204 15.076634 -7.166988 10.694078 -9.009799 
354.476714 -26.497208 -2.812533 2.352076 -6.722414 9.028757 -11.559440 11.134087 -2.485965 13.386285 -8.151004 4.635829 -12.788032 
355.995106 -19.203915 0.657094 7.179459 -4.074381 10.597394 -8.186777 8.519252 -2.843761 14.775694 -5.945397 8.278389 -7.273187 
359.386470 -17.031696 1.175778 8.123308 -4.458240 9.709196 -10.268534 7.517895 -4.005945 14.520814 -5.852982 7.911596 -6.169251 
359.184996 -14.163965 4.355752 8.966610 -2.768951 12.835403 -8.731788 12.139556 -0.451913 16.495699 -2.119044 12.088880 -1.099813 
353.987305 -18.398853 4.348403 3.115780 -5.435603 9.503047 -11.440362 9.777384 -4.642167 11.399370 -9.315995 10.668090 -5.170090 
365.303855 -17.356380 5.806985 9.382187 -3.921764 8.842912 -7.306419 11.171813 -2.658481 12.660041 -5.998086 13.731885 -5.954700 
350.599752 -23.490278 -0.616459 7.776957 -6.261556 5.101547 -8.432273 6.636687 -5.992033 8.430940 -7.894261 13.324862 -7.583895 
342.850135 -23.608086 -1.129734 9.464115 -4.590956 6.468090 -6.962788 6.597035 -4.480715 13.184383 -7.753884 11.054145 -4.697401 
345.284252 -22.780066 -1.738511 9.449243 -5.348125 3.513908 -8.941540 4.059641 -4.833957 11.746501 -9.340447 10.127488 -6.933292 
