315.182676 -29.025252 -6.563966 8.488110 -1.380199 10.381063 -7.831012 8.988921 -7.002539 8.220163 -3.321724 13.106224 -2.734913 
321.407665 -31.291152 -6.328888 9.979006 -4.024791 9.138740 -10.887133 9.289320 -6.323676 9.092654 -4.315200 6.881828 -6.746617 
331.026350 -33.843120 -6.431022 10.658102 0.150131 13.643032 -9.114898 7.453109 -7.738915 5.961548 -6.327261 8.673982 -6.601142 
347.108425 -34.630919 -7.987991 12.545998 -0.401128 12.093244 -8.060395 10.272808 -2.589446 10.567663 -5.073113 13.265469 -4.039007 
352.435735 -40.751303 -12.847306 11.848187 -1.955109 9.507837 -10.611086 10.837913 -3.629783 12.161619 -1.980527 12.020904 -4.352640 
357.016389 -41.492268 -12.250677 11.913692 -1.638234 8.707084 -9.591872 13.765443 -3.446456 14.713712 -1.471866 11.671250 -3.489430 
361.123265 -45.422133 -12.021354 12.449556 -4.567261 8.599426 -12.113796 14.541947 -4.055619 10.836597 -3.479266 11.399979 -3.296223 
374.095220 -38.468073 -8.858259 11.980399 -5.082408 11.227297 -10.957712 15.558064 -1.202805 14.055693 -1.295881 15.728019 2.886077 
382.518210 -41.239787 -13.673353 13.244935 -0.312606 12.484136 -15.528692 11.652782 -2.571772 11.383800 -6.121991 11.372634 -7.125076 
389.837651 -39.190889 -14.664572 10.860524 -1.290379 11.660807 -15.814813 10.985690 -5.072049 8.084266 -7.950997 9.028254 -10.311931 
380.335221 -42.317900 -10.674868 13.783069 0.666909 13.113253 -10.485263 16.622228 -2.517081 12.518304 -5.048372 7.414812 -9.718084 
384.531446 -39.562965 -11.528270 10.295807 -5.368765 9.185930 -11.700187 15.449894 -5.612316 10.506187 -6.455062 10.744936 -5.383802 
377.807746 -46.573388 -15.354966 8.138020 -6.422678 9.482653 -8.888644 15.928859 -3.990920 13.005301 -2.131685 13.968431 -3.736199 
386.570558 -42.930088 -9.559150 13.416658 -3.128306 13.949499 -8.434409 14.905836 -5.418081 12.933137 -3.952336 11.658404 -4.655584 
387.011376 -46.135187 -17.208283 7.771465 -8.635271 13.405891 -13.286420 12.873219 -3.205520 11.328731 -5.138875 7.864967 -9.398997 
381.674746 -43.867635 -16.579188 7.874927 -5.898396 14.244964 -13.047146 14.455953 -0.163856 10.991631 -1.544765 9.794707 -7.012792 
374.236336 -44.709813 -12.911749 10.153470 -5.258221 13.350594 -11.267181 13.401306 -3.288774 9.307904 -5.515688 7.967114 -10.228299 
387.076788 -37.758627 -11.514712 13.766463 -0.745518 14.794488 -7.538835 14.052312 0.552623 15.014300 -4.708781 8.539827 -8.482607 
381.906200 -38.008603 -12.509644 12.159317 0.917338 13.335440 -8.765104 14.306635 -0.143692 14.216478 -9.584719 5.043181 -10.619239 
371.546615 -39.572207 -9.174078 13.290343 -1.724246 16.508042 -6.945534 13.531138 -2.852527 17.612620 -1.530996 10.887948 -4.223786 
363.687036 -46.323989 -10.150307 10.795648 -4.076875 13.576380 -11.823568 11.652672 -7.747457 10.112974 -6.397731 9.501234 -6.252788 
364.461603 -47.473191 -14.351523 6.240610 -5.288029 11.893351 -12.121140 13.355918 -7.486323 7.160547 -11.288126 5.527485 -11.164981 
361.467580 -45.323331 -12.974435 6.542827 -1.963850 13.308391 -9.570493 16.562405 -2.092776 11.862542 -10.768695 6.966645 -8.423174 
358.808413 -37.315815 -4.271753 10.778391 3.077795 15.826688 -10.158227 13.243388 -1.244831 14.745292 -4.622388 15.242615 -4.322727 
347.113014 -43.397748 -6.362651 9.968400 0.771085 14.942308 -8.519840 14.945426 -3.131454 11.915253 -7.621103 10.405243 -7.295386 
354.041914 -42.936613 -8.268711 12.301480 0.457338 14.783284 -9.831228 14.376739 -1.403471 15.077926 -2.785149 12.842694 -5.326546 
353.928441 -42.427368 -8.094434 17.935813 4.104182 14.710643 -12.160828 10.383411 -1.896741 11.712460 -4.978757 8.640967 -6.876998 
350.765320 -42.463779 -11.412547 12.001177 -1.956276 11.392874 -12.689529 7.938430 -8.364106 8.290183 -8.229449 5.657502 -10.160516 
348.076648 -43.869852 -11.375923 12.791055 -3.171915 10.047181 -9.509479 11.709045 -9.131369 9.143160 -7.579384 10.714565 -5.331792 
351.686961 -40.873071 -11.068222 9.287791 -6.357989 6.820273 -11.991644 10.886829 -11.595624 7.407802 -8.834820 8.706532 -8.944195 
329.423737 -46.438371 -11.122013 9.087113 -0.063506 12.912253 -7.499140 14.252474 -5.556034 12.460482 -8.186116 8.105135 -9.827944 
340.938024 -30.087468 -4.965117 6.180668 -2.969932 12.556610 -5.904378 14.491057 -4.176228 12.258181 -2.686791 13.544649 -2.736659 
335.857356 -37.704190 -10.445998 5.905236 -2.426297 15.846531 -5.196265 11.589611 -5.521959 11.898613 -5.944999 7.670152 -3.985386 
334.197334 -38.362717 -11.054533 6.476782 -5.062842 8.030693 -15.477247 2.671260 -10.750268 8.425169 -12.446389 1.695987 -11.093726 
322.909203 -38.064200 -9.829200 8.634282 -0.220645 10.609078 -7.179996 8.715880 -9.920513 8.781280 -12.674712 2.162463 -12.895322 
317.612601 -35.767152 -7.265869 6.987249 0.653539 11.574258 -8.436338 7.744878 -9.447602 7.916973 -9.148524 6.535041 -5.716266 
315.597304 -36.022012 -6.641127 11.114153 5.290603 15.731580 -5.794568 8.339377 -7.419834 5.053630 -10.634932 9.798366 -6.317806 
