331.064832 -28.484121 -1.820439 7.564739 -4.649427 4.080148 -11.642172 13.626324 -1.157129 11.392037 -12.003705 5.933311 -3.964830 
350.075168 -29.166873 -9.185538 3.552515 -5.209076 4.996033 -11.125940 11.400726 -3.734582 9.313561 -13.810061 5.066426 -5.420426 
356.407058 -30.072326 -11.017761 5.162441 -5.736840 1.653604 -14.120653 11.123442 -4.028045 8.721862 -12.374178 5.427763 -4.716532 
361.078361 -26.935409 -5.571327 10.831897 -4.791296 4.438150 -10.809568 13.879552 -2.705275 11.233564 -10.718538 9.576825 -2.246231 
355.729270 -32.567758 -8.038478 8.661925 -6.877207 2.029466 -14.677533 8.865146 -5.209157 11.636294 -11.622657 8.433317 -3.863659 
360.223123 -26.880147 -4.153392 8.729143 -3.407025 3.961736 -13.652681 10.495455 -2.103373 11.614296 -10.848359 6.768693 -6.274851 
355.416157 -27.805977 -7.624537 3.559600 -5.586544 0.099614 -16.701332 9.187777 -4.204821 6.486990 -13.068463 6.689668 -8.658415 
356.923981 -29.602972 -7.498984 7.175482 -2.274198 4.071890 -13.447317 10.794541 -4.621449 7.609552 -12.722669 7.113435 -8.983280 
358.167627 -31.126990 -5.918685 11.051348 -1.648838 5.039600 -16.094037 8.403893 -2.153069 10.903746 -12.588351 8.259354 -7.687609 
360.775295 -24.159062 -4.745731 11.424574 -0.986914 8.209855 -11.157424 11.839537 0.717878 12.013978 -9.827444 10.224881 -5.424000 
351.799740 -23.600292 -3.000499 9.971057 -3.946045 2.577120 -12.940009 13.435696 -2.209232 7.633462 -11.293349 8.362975 -5.509924 
352.908662 -21.480429 0.668089 11.827242 -0.788485 5.053234 -12.960999 13.070530 -1.976877 10.597644 -8.301904 8.951364 -5.357205 
343.555647 -23.857302 0.731208 8.911534 -4.324061 2.549855 -16.021602 7.278380 -5.055002 8.934927 -8.780625 7.300038 -6.846881 
350.701634 -21.867241 4.497626 15.453533 1.163695 7.193239 -9.108307 14.016684 2.009483 15.881018 -7.038781 10.466256 -3.731883 
348.558813 -29.003970 0.500694 7.951370 -7.786543 -1.746768 -17.577714 2.348566 -9.085098 8.498500 -12.498407 6.496764 -10.460346 
355.792520 -23.369913 9.382297 14.089792 -1.750389 7.250580 -6.282344 12.047521 -0.827521 19.552382 -2.397161 15.468637 -4.904996 
356.449365 -26.586015 7.084652 16.298281 -6.901916 0.093107 -14.218059 5.759402 -6.439237 13.658614 -7.912721 8.871930 -8.979781 
361.577764 -21.972659 5.781368 13.975096 -7.192561 6.086457 -9.898035 8.671462 -4.806959 14.727429 -3.844474 12.599934 -5.990569 
357.642526 -21.597675 8.886536 15.871160 -4.811848 8.159086 -10.066084 7.151627 -8.952270 13.462691 -5.719885 13.441040 -3.020840 
366.150656 -18.872900 6.413169 15.504134 -4.137511 10.605020 -7.114194 9.990146 -8.465300 13.192643 -3.199867 12.504941 -2.626803 
355.292914 -26.136793 1.530623 11.785193 -6.182177 4.309231 -14.310495 2.175505 -12.882336 5.805641 -9.249972 8.464139 -9.319919 
367.991658 -16.667557 11.042464 18.870960 1.726487 10.199329 -3.742790 9.880424 -6.723398 13.338733 -4.326145 13.478751 -3.277991 
357.260866 -23.973145 10.275251 21.401321 -0.625526 4.449517 -11.030223 3.484370 -9.366150 13.248795 -4.486286 12.105454 -6.136294 
356.220233 -21.057081 6.278153 17.254418 0.858154 12.418870 -5.047798 7.914022 -3.161935 13.175182 -3.807550 15.169225 -3.198780 
353.357233 -26.928932 8.260735 18.828220 1.088937 9.898656 -13.637310 4.401675 -12.550422 9.400725 -7.957782 9.676903 -8.582869 
364.999176 -21.637934 11.380403 18.476821 -1.815369 11.594645 -7.830475 12.165659 -8.700066 12.637499 -4.071709 13.411968 -3.103429 
350.438171 -27.454232 11.013609 22.934393 0.887298 14.850936 -6.234838 8.018574 -10.817066 7.668124 -8.863364 8.535202 -4.616791 
347.180596 -26.178719 9.900989 16.853366 -2.565523 13.733720 -6.401569 9.465171 -6.425990 12.515467 -5.854789 13.797938 -2.893155 
354.678732 -28.474374 5.882121 21.268220 5.189897 15.994330 -6.046786 8.277503 -10.965107 4.391333 -10.996499 12.649400 -6.713546 
361.637988 -23.834174 7.258964 21.855172 5.818899 15.517437 -4.287685 10.676211 -9.203067 7.732743 -7.202609 14.136566 -1.593279 
349.911025 -29.429934 9.916658 19.557044 5.053630 16.786206 -3.454263 9.694831 -12.122142 10.015957 -8.202755 8.565984 -6.631062 
340.848330 -35.970596 1.374033 13.380228 -2.443152 8.886339 -8.773495 9.066890 -11.668980 6.600621 -7.693189 12.085463 -5.809851 
325.356003 -32.122323 2.907116 21.427837 2.701801 12.277515 -5.846807 4.612309 -8.525040 4.260483 -8.492298 10.355264 -7.558241 
307.187864 -30.424753 3.282255 20.278518 0.884510 14.179271 0.936799 8.166893 -6.917030 9.235452 -6.324694 8.279038 -4.386574 
303.943347 -34.885120 0.545587 20.713824 5.494434 12.768779 -6.094086 11.333422 -10.521832 3.608871 -12.412609 2.657255 -6.068085 
315.774445 -29.442477 1.655820 20.014163 7.442981 13.105025 -6.546980 9.796265 -7.139060 10.896497 -5.273120 10.932133 -1.617014 
306.753092 -25.782149 1.856188 14.821261 4.212343 14.151610 -1.543366 6.854003 -3.578758 10.717651 -10.396788 8.313149 -7.127441 
292.118952 -24.616192 4.910613 13.122368 -1.325613 14.308995 1.996124 9.612133 -2.838376 12.652738 -6.354442 10.821938 -5.974759 
277.849871 -34.322125 -1.401019 12.240199 0.873830 14.364750 -7.697263 2.540617 -11.808048 4.609772 -10.900068 3.485970 -11.146249 
281.557250 -30.743968 1.592708 13.779381 2.085640 14.066850 -5.132647 7.942244 -5.376905 11.956658 -3.998739 9.821566 -6.385992 
