355.130688 -35.037958 -12.632433 12.924843 -0.061597 8.322897 -8.190885 14.657901 -1.060921 9.856918 -6.287974 14.126346 -4.611262 
370.042776 -30.125667 -12.363294 8.125450 -3.813152 4.060827 -15.149589 9.034228 -3.837113 10.145855 -8.228633 11.626506 -6.510067 
360.018521 -31.500064 -5.504482 5.526698 -7.827829 -0.561059 -20.842461 2.718296 -8.130153 10.479351 -11.872237 7.445242 -5.714610 
402.376998 -21.390731 1.057988 7.842306 -5.039001 7.890766 -10.011595 11.050600 -0.955066 21.010639 -5.984290 11.491954 -6.114659 
405.171020 -30.204244 -8.866461 3.883573 -11.487895 1.991255 -16.784037 6.083166 -6.285638 15.687966 -9.625730 7.699658 -9.870933 
414.523002 -19.205480 -1.448489 10.551731 -6.946963 9.387015 -8.179005 14.571619 -0.107518 16.996848 -7.657892 10.801363 -2.859777 
404.385267 -26.591878 -4.041034 6.378953 -11.735377 5.018771 -11.778381 11.488874 -1.167734 15.349046 -10.771265 5.825057 -9.001480 
414.040521 -23.394732 -6.321944 5.351725 -8.873214 9.470629 -7.815047 18.392421 4.387100 22.037308 -4.658230 11.050711 -2.624848 
407.142046 -26.051748 -7.441408 2.605294 -7.350388 7.478373 -10.655849 17.268706 4.794485 23.634313 -3.281907 12.111040 -3.269107 
392.793321 -24.857907 -7.034265 1.829937 -5.479250 9.794667 -5.413536 16.459882 3.579390 19.460764 -6.524902 10.211048 -5.628136 
373.017132 -32.373420 -9.977874 1.575147 -11.354580 4.924899 -14.557712 9.816070 -4.091932 8.894888 -16.470848 1.509080 -6.012236 
371.042063 -25.562070 -5.289408 4.782929 -7.931415 8.649597 -11.805461 13.095414 -3.428719 10.761362 -12.342825 5.004150 -3.106929 
341.047743 -26.491697 -5.274697 3.368013 -10.315886 5.227796 -11.931543 10.529150 -2.733189 10.410706 -11.527611 2.744307 -8.954470 
342.112112 -19.319643 -1.120548 10.147578 -2.295874 10.853291 -7.793274 12.417985 -2.254548 14.295621 -6.282927 10.127346 -3.160212 
