317.731339 -34.394063 -10.365582 12.261066 2.974282 11.128997 -10.418957 5.194425 -8.478933 5.065356 -8.449172 6.747608 -8.388795 
336.496229 -36.321832 -10.760109 11.974537 -1.653383 9.039769 -10.995730 7.311486 -4.030623 7.084771 -8.614819 7.108684 -10.169618 
348.458551 -42.687903 -16.776763 7.418523 -4.674126 9.408276 -12.766282 6.412991 -7.551011 3.409018 -7.962876 10.391887 -6.710037 
364.175633 -44.692801 -13.783334 7.709397 -1.041298 13.449854 -9.403614 11.136544 -5.647605 6.335980 -6.759676 9.834251 -6.743164 
373.024036 -47.076029 -15.732812 8.370059 -0.729886 12.763962 -11.523583 10.238206 -7.582560 7.842121 -6.133851 8.465940 -6.644419 
379.123067 -45.846026 -17.422270 11.529141 0.795368 15.171179 -8.046286 14.479882 -6.673608 9.653237 -4.199004 10.571517 -4.360417 
379.076327 -48.602531 -19.666355 9.802684 -3.070999 12.313304 -13.345710 13.010546 -3.487822 8.966992 -3.946691 8.526184 -7.590701 
387.785340 -46.819077 -17.829670 9.669271 -3.755002 14.600988 -9.361293 16.630461 -1.183278 11.300283 -4.867329 10.557484 -6.301398 
384.922618 -46.950862 -17.802216 9.710147 -4.940987 11.239447 -11.037208 16.458900 -2.195374 11.542054 -4.523608 8.478502 -10.863173 
404.668847 -41.123414 -20.824551 7.950672 -5.359537 14.478390 -10.882086 10.749434 -4.117212 8.583880 -7.992212 9.508415 -5.350225 
399.936923 -45.437202 -21.904793 7.704172 -1.293080 19.391429 -7.204539 11.154310 -3.608514 10.054441 -9.085899 8.970007 -5.295742 
387.808837 -40.648774 -12.739451 13.761934 2.615859 16.847067 -10.093662 12.092407 -3.292953 13.629922 -4.141272 10.665112 -6.154679 
379.156440 -42.138499 -15.864674 9.504305 1.834719 18.504785 -9.589944 7.883953 -6.704604 5.420787 -9.209748 7.524245 -11.302781 
379.192720 -38.176274 -13.511254 8.291073 1.608403 21.129287 -5.774972 13.407572 -1.385014 12.185421 -3.453281 13.113204 -5.298389 
370.908867 -48.298683 -19.675961 7.608912 0.379609 12.810703 -9.063973 14.015117 -7.116788 7.066724 -8.566365 9.098394 -6.005522 
374.751269 -46.036046 -17.572181 10.576974 -0.192084 13.938155 -6.917470 15.323503 -2.365885 9.798099 -7.805337 11.678204 -4.815175 
373.383804 -36.992742 -14.179258 13.047659 -1.818672 16.115728 -7.006759 11.931292 -1.429672 10.405210 -6.325026 9.686893 -5.698153 
365.066234 -35.351790 -11.891362 11.560368 -0.986889 17.042944 -4.957087 11.183686 -3.543828 11.829505 -2.806552 10.920058 -3.131325 
341.134624 -43.166459 -13.791919 9.730692 -0.311049 15.618779 -8.049775 7.108885 -8.283933 8.190199 -5.291284 8.876831 -4.675569 
334.994061 -40.251723 -14.360725 8.139069 -5.048415 13.149450 -5.899312 8.299040 -7.971512 6.425309 -4.877048 11.409258 -1.136950 
345.489435 -31.307918 -8.648820 13.614110 2.664294 15.754037 -5.316063 5.587666 -5.114866 10.493853 -5.400156 11.958000 -2.825296 
339.897872 -29.239260 -7.371649 13.401646 2.776067 13.705897 -7.885010 6.562494 -2.757439 12.015922 -4.423131 10.289100 -4.606999 
317.735415 -34.036793 -11.185120 8.453986 -0.280117 11.637677 -7.855458 4.239714 -9.395161 5.768680 -7.605053 12.176029 -2.420779 
