255,368448 -30,449375 -2,563786 6,804079 3,339445 14,326463 -8,370360 3,606051 -4,199715 9,653530 -8,837558 4,898370 -6,242806 
275,414919 -35,494741 -12,903048 -0,809220 0,472303 8,284943 -9,265395 3,828171 -5,485123 11,432041 -8,373355 7,704335 -10,746605 
281,205919 -38,393657 -14,647555 -0,068894 2,582098 9,980026 -8,111923 8,446233 -0,420494 15,328102 -5,790444 8,740958 -5,934432 
291,393517 -30,002000 -10,848978 2,520218 2,484250 9,245412 -6,648637 8,362361 -3,958548 9,380497 -8,759101 6,675258 -2,787137 
282,364511 -45,777439 -22,239637 0,405839 -2,581129 6,391962 -7,732946 5,779867 -4,363417 8,608244 -10,992133 5,030005 -7,491760 
306,892030 -32,862281 -13,814852 5,754056 1,217703 9,529289 -5,335893 11,069759 -2,485720 10,767373 -8,741851 8,739998 -2,034835 
297,483494 -45,909684 -23,055090 -1,195907 0,878982 8,665201 -6,945802 12,569104 -4,288407 11,222422 -9,223134 5,844253 -7,649968 
298,985203 -44,438136 -19,533026 2,570347 5,244783 9,009752 -12,043367 9,691869 -5,844066 9,539513 -8,552876 8,335796 -3,222185 
304,370363 -37,838134 -15,544583 4,321431 6,602644 11,749577 -7,753273 12,220016 -4,624177 9,525837 -7,679426 9,952114 -0,728647 
321,235017 -34,347365 -11,836795 0,516564 -2,541771 10,294230 -8,580164 13,011526 -2,019660 12,375830 -6,454884 7,879622 -3,022894 
327,343299 -34,391983 -14,835173 -1,850386 -5,223479 8,474849 -10,032264 9,236668 -4,920921 11,846003 -4,392462 9,244601 -4,416891 
331,428483 -23,452740 -13,025169 -0,937975 -4,786871 9,831740 -3,791986 10,586267 -4,091038 10,638980 -4,432808 12,325972 -2,653588 
319,972903 -34,419060 -18,558039 -5,981863 -8,851417 10,213464 -1,269322 13,147905 -2,704939 10,679287 -6,913621 11,771843 -0,443768 
323,786879 -30,648733 -12,318554 -4,100189 -9,503281 7,816570 -2,172577 13,915279 -4,468342 11,926519 -5,535838 12,411644 0,321310 
300,109863 -35,205644 -13,272112 -8,515407 -11,294526 8,393922 -3,010910 9,887825 -6,899186 10,117658 -7,927369 9,313720 -4,570661 
285,153643 -32,130032 -13,629507 -4,924747 -5,815391 9,033782 -3,226656 6,904910 -6,858642 8,405405 -10,665416 4,204042 -6,973178 
277,367829 -37,053412 -15,728488 -5,205062 -1,319424 13,070443 1,241556 12,003964 -4,771119 9,292071 -14,045782 1,513509 -5,666471 
302,948603 -31,355516 -15,286281 -3,236439 -1,564990 12,584956 -3,888109 9,677980 -3,043283 12,563686 -6,745287 8,556129 -5,531585 
298,329623 -32,998593 -14,576640 0,207810 1,187830 16,290605 -2,056045 9,806576 -4,189660 10,523585 -7,059494 6,366969 -7,519561 
281,821009 -28,977391 -8,618139 -0,389834 -3,375708 15,718178 -0,454873 9,084747 -6,929584 11,055847 -5,119691 6,712078 -5,379223 
288,761700 -32,369564 -12,870130 -1,308541 -3,935751 12,890358 -3,958054 4,721900 -7,727016 8,610174 -11,056223 1,254854 -9,039259 
286,188614 -30,160148 -10,667930 2,301022 -2,044362 13,119544 -5,009346 4,853999 -5,664427 10,470565 -6,537292 3,103817 -9,115670 
