356.504846 -34.705165 -10.457755 9.766811 -12.861753 0.881361 -8.654810 12.162975 -2.835752 9.334848 -3.996456 11.585862 -11.199280 
391.250143 -30.728990 -9.621073 13.625452 -10.527461 -0.449134 -6.506856 18.758789 -1.232852 9.943222 -1.753949 18.282979 -10.644047 
401.391822 -32.341276 -11.598797 11.964749 -10.744733 -1.606006 -9.186715 20.480412 0.102347 13.172056 -2.114516 16.111528 -9.267247 
410.076723 -28.188808 -6.274939 14.286549 -6.820163 2.839469 -9.982866 19.427979 -1.276223 15.544603 -0.053701 13.025066 -8.338702 
410.008648 -31.803926 -9.719972 8.542290 -11.899015 2.373208 -10.138039 15.591281 -6.261654 12.126536 -1.874362 13.477993 -12.499425 
414.656483 -31.270206 -10.016943 8.371707 -13.587221 1.237515 -9.286112 17.422776 -2.786486 14.279522 -3.185673 17.467197 -8.445108 
411.247401 -34.343069 -6.193400 14.677898 -10.277484 -0.199762 -9.618111 18.947774 0.467342 18.466802 -1.168036 16.496988 -9.597239 
420.619401 -27.699285 -5.656377 11.466402 -8.187593 0.308968 -5.729822 19.504132 -1.155369 17.110793 -2.570113 16.500589 -7.474462 
415.389262 -31.184257 -8.399179 9.889775 -8.922317 0.156888 -5.968149 19.704494 0.268740 16.684494 -1.564605 16.956424 -8.011770 
430.325198 -19.805452 -1.601136 13.218539 -3.149189 4.690122 -7.817957 19.066358 -3.458351 15.393140 -0.344964 19.420445 -5.336871 
414.586641 -31.384035 -7.170669 10.195965 -7.523295 2.044789 -9.288698 22.073487 -0.631046 16.305964 -1.676012 16.977894 -9.148487 
431.589115 -20.957129 -7.794134 15.201152 -4.388375 6.756167 -6.454027 18.761116 -2.670697 14.851695 -1.450720 16.451570 -5.410191 
416.744800 -28.952462 -13.096115 10.929487 -8.449337 0.405849 -10.445556 14.449527 -3.243240 14.994106 -4.186166 10.337664 -10.743323 
407.256762 -23.084277 -4.570095 13.058077 -4.441721 6.449191 -1.834593 18.445032 -5.360347 15.237635 -1.635900 14.368671 -6.424529 
401.802830 -31.377992 -13.191292 5.720432 -10.650139 -1.227235 -10.495809 17.374330 -10.239909 5.491467 -7.947111 8.137193 -12.639027 
419.041438 -27.611555 -6.135920 13.078434 -6.417537 4.834941 -3.920628 23.027064 -3.886521 13.619840 -3.149398 15.689272 -7.325351 
405.409974 -34.592277 -9.111043 9.260566 -12.405962 2.639434 -2.479833 22.354043 -4.707822 14.576857 -3.785526 12.405851 -12.363562 
410.471923 -21.149737 -3.678819 13.019107 -5.916770 7.466242 -2.463894 22.777344 0.991189 13.615239 -1.885053 14.980819 -7.593383 
404.363810 -27.947456 -7.497631 9.072727 -7.738613 5.409692 -6.918884 20.268238 1.329215 16.408890 0.185887 17.155830 -8.516404 
401.065696 -24.506921 -5.132327 11.239071 -8.336593 5.516853 -8.124599 17.057039 -2.943434 12.556392 -2.796246 14.075350 -8.855824 
376.765876 -28.912101 -5.178233 11.638657 -9.535015 3.983420 -8.366805 17.236234 -4.819170 8.013865 -5.261926 12.365889 -6.403931 
373.747982 -28.370618 -6.303223 5.979559 -8.312247 2.335979 -7.725240 17.113837 -4.693645 12.129709 -4.339811 13.629699 -8.093486 
369.504972 -30.473374 -5.686510 5.750978 -11.248089 -1.369721 -8.925054 16.970188 -6.696971 9.959358 -5.781912 11.579410 -10.319423 
366.877366 -25.433285 -1.786298 11.391176 -8.785509 2.205094 -6.342550 18.077746 -6.079570 9.811334 -4.574719 10.011229 -8.715026 
353.386734 -29.399569 -6.000799 8.624881 -9.023185 2.471440 -6.335022 19.002888 -3.897419 10.498939 -7.831877 7.898569 -6.987395 
356.183077 -25.482061 -5.940789 9.644851 -7.059231 2.822238 -7.641344 14.943569 -4.618813 11.356011 -6.042682 10.701791 -7.237250 
345.394593 -28.647419 -8.855303 7.199160 -7.125852 3.954699 -8.164012 12.582530 -5.975420 5.946994 -7.104547 9.145399 -10.541439 
351.265389 -24.171323 -3.390330 10.182618 -1.166600 8.570051 -5.647515 14.587824 -4.810468 8.510432 -4.043301 13.971128 -8.321353 
345.910365 -26.754105 -7.199681 6.855182 -2.881580 8.751338 -4.991523 13.107528 -5.819081 8.384769 -4.899913 13.313225 -8.815191 
342.279778 -25.532698 -6.685111 6.862763 -5.645274 4.306509 -6.864939 11.718491 -8.649804 6.556186 -6.324515 11.115645 -9.460153 
335.514529 -28.771573 -7.609336 8.272926 -5.311430 0.604188 -9.421382 12.220914 -8.089126 5.181763 -8.038267 9.045206 -10.338673 
328.472030 -24.794381 -5.769268 14.125492 3.783950 7.876722 -5.582294 13.343909 -4.509384 9.001001 -4.704413 11.136357 -7.393428 
321.729977 -28.457712 -7.619158 10.373010 1.620440 5.787565 -7.124992 12.076419 -10.392427 4.798404 -7.851614 6.965500 -7.837303 
