325.732511 -42.983344 -17.097989 11.133137 -4.142425 7.815896 -5.200180 4.665750 -9.742162 13.694213 -7.939296 6.802005 -4.666641 
338.729390 -46.535472 -8.427910 14.286850 -7.067236 10.319760 -2.196090 10.296848 -7.370615 13.802586 -6.628255 6.936109 -3.575602 
352.263685 -50.219645 -7.256202 17.062599 -7.769678 10.165852 -5.011845 7.313435 -13.299604 11.256943 -9.209172 7.078497 -5.165705 
381.192554 -40.621276 -0.587955 19.485715 -7.277332 13.602997 0.237695 13.389815 -8.167435 16.053086 -5.574485 13.816088 -2.181435 
373.201959 -49.580617 -5.377429 13.228729 -14.720826 10.378777 -3.653544 8.977272 -13.849452 7.759796 -12.986294 4.886750 -7.807637 
392.830122 -37.599356 -2.103465 22.172392 -7.167880 13.882143 -3.943820 10.537406 -11.712177 7.926913 -7.621635 9.246243 -4.753454 
389.522182 -38.392419 -3.870374 20.587703 -8.788984 7.301477 -9.187360 8.443524 -11.918760 6.861110 -8.179521 8.856609 -7.917370 
394.755215 -27.390885 -1.013453 16.157285 -5.130422 5.692798 -6.653982 11.058907 -7.997296 13.477389 -4.975613 13.849038 -5.550354 
389.599852 -30.818118 -0.805750 16.682729 -5.401731 3.409089 -12.246570 8.589165 -10.790985 10.476968 -6.605475 12.886798 -7.982586 
392.355471 -26.423862 -3.156435 12.541475 -8.423887 5.053063 -10.928685 8.977439 -8.969385 9.709935 -8.673201 10.724618 -7.082671 
387.756479 -30.810708 -6.182342 10.078179 -8.366222 0.180570 -15.515245 4.012642 -11.427480 10.429230 -8.326112 11.472564 -9.281295 
406.835820 -18.593911 1.606901 13.627391 0.795337 9.753300 -8.793606 12.457843 -6.938583 14.082904 -3.697542 13.982063 -4.318580 
393.979565 -27.539649 -6.123465 7.215802 -8.029231 3.655966 -15.431822 3.316331 -12.854034 11.148114 -7.245802 11.245060 -7.299246 
398.858339 -19.976392 7.765130 19.220531 -2.750689 8.704999 -10.151533 10.597632 -3.273353 16.476643 -1.354201 15.035741 -6.116393 
386.025831 -29.760068 1.347168 9.935648 -11.404138 -0.351609 -19.670896 5.899286 -6.106256 11.117244 -6.443116 10.165222 -10.844745 
382.263749 -22.842001 4.255847 8.803645 -11.393336 4.859777 -14.618526 8.562325 -3.930690 13.788654 -3.192243 13.823614 -7.202304 
368.978098 -31.324401 -4.887663 3.828964 -14.301743 0.730834 -16.831908 5.698671 -9.781703 9.583224 -6.174166 8.243471 -10.541882 
361.674581 -28.898930 -5.865328 7.192869 -11.518819 -2.658009 -17.594179 3.744304 -11.450505 7.680347 -7.827870 6.395395 -9.642359 
347.720281 -27.641195 -6.088493 6.887190 -10.266659 -0.788211 -15.168205 4.024276 -8.800783 10.096100 -8.804152 6.353924 -8.532773 
350.587944 -22.963081 0.083509 10.931435 -1.600755 5.311428 -9.285994 10.886548 -5.769837 12.657623 -7.247411 11.140874 -5.556155 
349.802648 -26.441833 -2.526001 12.231905 -1.861632 5.140369 -10.465689 8.073117 -8.500947 9.075678 -7.254482 10.928262 -8.035813 
