377,786680 -34,827747 -11,992428 2,396343 -1,112960 10,346055 -15,009209 8,012985 -0,961208 12,774937 -11,377461 10,313728 -3,479361 
365,479325 -33,938489 -11,639162 2,751853 -3,149706 12,084404 -15,201223 6,265007 -3,762996 12,315208 -9,624140 11,294020 -2,100232 
310,450151 -54,232929 -13,599706 3,088581 -7,308631 13,239371 -16,830852 9,932467 -7,004128 3,116000 -12,417039 11,809680 0,531711 
306,727086 -52,845998 -6,472244 4,002652 -6,764374 15,087621 -14,134596 9,246291 -8,490512 9,523200 -7,823545 10,363053 -2,188670 
302,121080 -49,723050 -2,327268 3,261568 -4,682582 15,747343 -14,514154 7,415495 -7,956548 9,631481 -9,350574 9,062492 -0,795646 
292,817835 -49,295099 -4,389897 1,979459 -6,576282 10,872612 -14,527757 8,299167 -8,105968 5,056685 -13,172699 4,771222 -3,725697 
289,367557 -47,987188 -5,315185 5,694878 -5,547175 10,497729 -13,469012 8,216833 -10,225025 6,569647 -10,341338 7,240081 -1,760193 
290,150976 -49,141442 -3,414692 7,274069 -3,524007 6,515789 -15,755096 8,682633 -8,414539 8,141212 -10,571658 5,846810 -7,791432 
300,598047 -46,472004 0,606969 7,992563 -1,796237 12,911469 -11,761808 13,439280 -4,867836 8,962818 -7,832798 10,804841 -5,337428 
306,968959 -46,766289 -1,813924 6,897415 -3,480421 14,364321 -10,768071 11,787772 -5,987141 10,211611 -8,180969 9,901785 -3,944398 
304,396574 -52,362843 -7,689641 4,036647 -4,380862 14,977856 -10,633398 11,191055 -7,199873 9,965464 -8,565868 7,589540 -6,888280 
321,907920 -43,692378 0,429431 10,738645 -3,263498 15,388656 -9,094566 15,752334 -4,518642 13,143049 -4,139819 11,283277 -2,131195 
306,157728 -56,523684 -5,848051 8,664453 -5,504745 10,570017 -13,473218 13,739962 -6,068163 11,408901 -9,063159 5,046771 -5,553841 
328,376334 -43,171305 1,893700 10,288885 -3,774004 16,866079 -9,150789 14,052207 -4,791860 15,300794 -7,242806 8,649672 -4,007093 
319,249207 -50,866574 -4,459881 6,134283 -7,834452 14,947041 -11,643564 13,630770 -5,824227 12,161639 -7,109746 8,647571 -3,497501 
317,327607 -46,527212 -2,140500 7,827072 -9,829797 14,830605 -8,450024 14,190493 -3,934176 12,501715 -6,370153 12,968831 0,654434 
324,055229 -45,237528 -1,002457 7,503916 -8,977771 16,037425 -8,812492 14,676130 -5,676615 12,778162 -6,274235 12,705687 -1,767624 
316,990130 -46,984027 -1,662432 7,317929 -6,520165 15,773339 -13,576165 11,568607 -8,165205 10,361593 -5,842482 9,723840 -2,781375 
304,515796 -46,742524 -3,914790 7,168589 -6,823839 16,246937 -8,655004 12,625027 -6,908246 9,115697 -7,697960 7,946782 -2,877504 
309,199842 -46,611393 -2,143387 5,584563 -6,381281 13,025239 -11,491854 12,534857 -5,785657 11,775679 -6,197002 10,872207 -2,483763 
306,945127 -50,838309 -3,133880 5,645366 -3,505023 14,622045 -13,522465 11,422154 -5,771214 11,086428 -10,278908 6,260116 -4,431765 
308,234708 -45,804690 -0,863113 6,011007 -6,725748 11,771315 -11,924089 11,737366 -7,552691 12,217694 -6,751317 7,486234 -3,423447 
301,107564 -48,243266 1,041342 10,264791 -4,215616 16,006899 -6,993724 17,243495 -5,129989 12,995671 -7,415286 8,506248 -3,615463 
308,297555 -42,510431 1,159810 8,232597 -6,704739 10,560662 -13,942283 11,163201 -8,613248 10,226773 -7,659439 6,805419 -5,291800 
291,613091 -53,256122 -5,418029 4,247004 -11,785156 3,542415 -17,165579 8,190308 -12,470229 8,053143 -11,999098 0,647523 -9,565634 
296,210401 -45,379015 3,737191 10,606640 -9,474349 9,343653 -11,496977 13,153353 -9,068902 11,360698 -6,866290 4,812843 -6,890492 
291,489613 -43,014244 5,486259 10,981040 -1,903077 15,367595 -12,885719 9,720922 -10,748024 9,113754 -7,111937 5,029698 -5,856650 
300,981005 -40,315962 5,746095 8,530508 -1,815075 17,138317 -7,430987 13,619307 -7,713066 10,810085 -6,150523 9,689199 -3,443087 
287,938417 -50,621985 0,686440 8,616704 -0,548326 15,168127 -10,154157 11,903545 -9,729010 9,334931 -7,936726 7,645350 -4,968918 
290,294543 -41,960944 2,949424 8,035798 -2,344560 17,641065 -7,208013 15,743861 -3,924289 15,392426 -3,139269 10,506983 -2,044302 
283,248477 -48,932276 2,427530 10,936443 -2,717841 16,356220 -4,556601 17,424340 -8,758542 11,414751 -4,156317 8,992449 -1,643076 
286,091758 -49,672793 1,170957 13,437864 -3,161351 12,749270 -10,707025 10,576215 -13,068890 6,557719 -8,904258 5,970173 -4,323245 
278,884359 -45,275567 2,551084 13,478214 -4,177935 13,061458 -10,280595 12,186568 -8,237878 7,268038 -6,256040 5,060644 -5,115042 
245,869486 -48,310944 1,562209 11,430567 -4,363851 16,474073 -4,574281 14,084320 -5,614570 7,985559 -4,777996 2,045440 -4,836658 
