336.274555 -23.145519 -0.418137 9.988721 -5.097608 6.883920 -5.367911 9.450581 -9.034317 9.929635 -6.487980 8.997955 -8.904624 
362.461496 -20.742121 -2.090984 6.233510 -6.385280 8.517409 -6.811611 11.266042 -2.648747 13.799150 -1.833561 15.154818 -4.016621 
375.905894 -27.157853 -3.913502 3.028871 -13.482061 1.272132 -11.187646 10.655148 -3.729017 10.454031 -9.818166 10.523830 -8.248946 
388.051785 -25.294808 -1.006675 1.216173 -14.649409 2.064001 -15.554929 9.500215 -7.309955 10.841131 -10.191273 9.118379 -7.252098 
382.626391 -27.525162 -0.218674 1.299861 -14.636524 2.074696 -13.755730 13.668613 -5.516074 11.117820 -9.241055 10.904958 -6.419594 
389.898250 -20.335795 4.705949 6.622025 -12.022231 5.636849 -7.733136 12.688425 -3.952724 14.197329 -7.346535 13.946800 -3.472582 
389.617113 -24.366801 -0.195822 1.477109 -14.726426 4.132816 -11.331100 8.014971 -6.094978 11.836896 -8.031880 11.842909 -7.388591 
404.047065 -20.372718 -0.111499 3.039636 -9.200662 9.810771 -9.055500 14.019510 -4.114193 16.159997 -4.784299 15.585340 -4.554260 
394.528046 -24.947677 -3.686533 0.747034 -15.220341 5.001949 -11.836486 9.914720 -9.966024 13.830347 -7.172563 11.093883 -5.661050 
387.469373 -24.723256 -5.629078 -0.583176 -14.581366 2.453376 -9.312078 9.896072 -8.866762 13.250851 -6.977254 11.289493 -6.144196 
388.415848 -23.702140 2.877877 3.227394 -15.477820 5.126186 -10.654619 14.098809 -8.390255 10.033318 -5.846353 13.811303 -5.573226 
402.429232 -19.280756 6.869724 8.400901 -13.128989 9.246636 -8.931895 12.699775 -6.634163 12.798864 -4.014816 13.375118 -6.334236 
398.135195 -23.911812 3.198108 6.526143 -13.184446 8.279868 -8.978312 11.711169 -4.901384 15.062969 -3.440947 14.128256 -6.299854 
401.361799 -18.925424 5.098953 7.730641 -13.238185 9.199978 -4.242932 16.265876 0.227547 18.206899 -3.472688 15.593442 -1.737606 
394.638290 -24.241604 -2.580633 1.979625 -15.456125 5.479717 -9.638718 10.777050 -5.608851 13.460724 -7.714470 12.010825 -5.047808 
392.365698 -23.956232 -3.620062 1.102364 -13.847403 7.200950 -7.381484 9.588473 -6.688074 13.849005 -6.330932 13.908982 -4.644868 
387.974839 -26.220095 -0.409835 3.362049 -15.084824 4.499483 -6.867612 11.760068 -6.553755 11.372285 -7.056564 14.795747 -4.461931 
396.567684 -25.876924 -8.896943 -4.390809 -16.623637 2.757987 -11.191088 9.474873 -10.953686 5.512099 -7.576436 12.389227 -8.402229 
395.751431 -28.886575 -8.854993 -2.984281 -17.650034 4.363992 -12.011330 8.478723 -10.236811 5.824338 -7.189039 11.114304 -9.560415 
401.096937 -24.768665 -2.140529 1.168648 -16.673679 7.053519 -9.543320 12.914235 -4.947201 13.602655 -3.418861 14.139622 -4.581920 
398.353532 -23.707252 0.423365 3.227568 -15.783044 3.959010 -8.201829 14.849271 -4.280701 15.773002 -4.135604 10.617396 -8.173738 
398.529166 -18.107777 3.163734 5.616321 -11.775539 5.656053 -5.722085 15.583116 -2.243577 17.430899 -3.603612 12.802248 -3.890658 
386.706038 -26.305450 -2.128762 1.166864 -17.514057 4.193066 -6.689152 13.902241 -6.526316 11.071073 -6.019477 12.974369 -8.400835 
400.794394 -16.417236 5.060009 6.444041 -13.472118 10.384832 -4.014992 19.000117 -5.019326 11.958546 -0.196261 18.552523 -1.679304 
395.346270 -19.413383 2.028567 4.397194 -13.164804 12.145628 -5.926390 14.996384 -3.404675 14.424355 -3.264631 12.547934 -4.277286 
400.956132 -20.779177 0.239766 4.120293 -14.054971 8.986678 -10.619542 12.888487 -2.223027 14.711560 -3.272437 17.337687 -1.473258 
391.397745 -31.969624 -6.355113 -3.047400 -22.935735 -0.366600 -15.058437 8.754454 -9.319211 8.034592 -12.533392 10.394990 -6.815882 
399.726103 -21.395185 0.675540 7.515925 -10.035647 5.803198 -6.784867 14.787084 -5.202537 13.800612 -4.082726 19.047086 -0.856418 
386.034142 -27.413525 -5.611491 3.038042 -15.666448 -0.898787 -13.676220 8.652957 -6.962404 13.471854 -5.884740 13.311536 -5.710714 
387.454495 -20.651732 4.942060 11.186179 -9.476016 9.680573 -7.229933 12.859990 -2.726276 14.701318 -0.845484 17.360089 -1.740870 
389.781858 -26.314646 2.115014 1.628374 -19.160194 4.683587 -8.443244 13.344410 -4.472159 13.790703 -4.349504 14.912606 -1.032359 
394.039367 -22.322746 5.220532 2.739271 -17.996708 4.135811 -7.343866 14.768769 -5.099286 12.849673 -7.099578 13.636673 0.181809 
378.547440 -31.374073 -5.606314 -3.044432 -20.599458 -2.848571 -15.885087 10.649431 -6.303170 9.378314 -8.773721 12.757112 -3.365671 
385.119263 -20.937897 0.489165 3.826486 -11.573933 6.747603 -8.556541 16.458899 -1.811168 17.392266 -2.196176 14.837598 -2.692229 
374.368935 -25.228287 -0.581820 0.982690 -16.701522 2.745495 -12.742116 10.122749 -8.133280 11.967326 -5.691881 11.423547 -5.382748 
374.604567 -18.938161 9.373862 11.532740 -9.383350 8.619346 -5.484409 14.391530 -4.520637 12.900685 -2.941286 14.794236 -5.899251 
367.054240 -25.522169 0.491118 1.852923 -19.188076 2.457753 -11.487256 8.145364 -7.980450 8.820734 -7.943354 9.423396 -8.829499 
377.549603 -18.202058 5.878745 10.366871 -9.372249 9.734582 -5.815537 15.189588 0.787815 16.895188 -2.539461 14.826887 -1.811590 
364.516487 -27.289797 -2.257849 5.324185 -14.974528 -3.252794 -14.682117 8.826254 -8.860786 12.059985 -9.269886 8.402145 -7.461074 
367.017950 -19.785494 3.635390 8.234333 -7.833164 4.372537 -5.643481 12.005261 -8.316494 13.597487 -5.446249 12.267342 -9.423505 
356.773487 -21.999191 2.365606 -0.171055 -15.204538 4.260321 -6.581116 12.278157 -6.287535 9.107072 -6.653480 9.727596 -9.756347 
359.017547 -22.326158 -1.772362 -1.323636 -10.125118 8.085782 -7.160903 14.773148 -4.039777 10.433309 -4.950703 11.030636 -8.347274 
357.499560 -25.200026 -0.518408 3.724114 -13.556675 1.585244 -12.252767 10.112224 -7.101033 7.892711 -7.680851 8.760984 -6.622222 
361.906796 -21.128506 2.659078 9.045074 -6.858588 5.862518 -8.460391 12.280517 -5.385199 9.886170 -5.154799 13.572468 -2.970533 
359.320417 -22.867986 3.415899 6.352066 -8.177067 2.935237 -11.035533 12.587357 -5.729490 9.409074 -7.235956 11.625537 -4.533289 
369.042518 -21.391407 1.294037 6.754629 -7.567586 5.088793 -8.888687 10.455994 -3.774483 12.272409 -4.593170 12.455101 -4.651849 
359.800899 -24.331177 1.048531 9.603620 -6.617001 4.019041 -10.406745 5.237649 -6.283867 10.334226 -7.676621 12.216689 -2.314062 
360.364578 -21.188178 2.470103 9.525096 -6.216717 5.445756 -7.586639 7.375589 -5.439803 14.334207 -5.591780 12.818032 -3.360368 
357.322458 -25.333480 -0.708872 3.174124 -10.889479 1.264462 -13.202866 4.078754 -10.077487 12.637110 -10.047798 8.793426 -7.846335 
355.499644 -19.052150 4.013583 7.037673 -8.218149 10.018982 -7.621976 11.928034 -5.309036 15.812688 -1.370906 13.855870 -1.470183 
348.276619 -26.445735 -6.530921 1.871569 -11.831398 3.471402 -13.330771 7.630982 -7.307637 9.106626 -5.805336 9.048294 -4.225949 
361.844316 -15.732816 -0.642590 8.117571 -7.013101 9.124367 -4.639485 10.649398 -2.218406 11.997862 -2.602984 12.240432 -2.139892 
347.839771 -20.129587 -2.037206 4.283922 -12.060705 6.459934 -5.557357 7.203147 -6.314295 8.668000 -7.411765 6.103389 -8.659052 
345.226291 -17.926346 5.741217 5.722899 -7.215032 10.883424 -5.077596 12.385392 -1.995924 15.095356 -4.352251 8.038174 -3.954716 
