358.150081 -27.610282 -1.204837 8.846313 -5.064668 5.017853 -13.218792 5.406605 -10.764934 7.065093 -8.887212 9.545685 -6.194751 
375.306487 -21.414731 5.790208 15.404027 -1.019602 8.008604 -7.647449 13.274808 -4.439924 12.896358 -5.905411 13.554211 -2.489104 
367.916750 -30.928370 -3.215710 7.709903 -9.367799 4.896961 -13.608722 2.084541 -13.291792 5.657241 -13.405769 6.516509 -9.525616 
375.870525 -23.635881 0.099155 13.514389 -3.825352 10.440509 -9.075801 7.118219 -8.035172 9.683821 -9.512763 10.811861 -6.291955 
374.724036 -28.183202 0.789091 11.054472 -7.252761 5.121076 -14.319721 5.509840 -9.443832 9.764673 -10.009260 9.586146 -5.981374 
388.938617 -21.231547 3.270674 11.383857 -6.774762 7.278970 -10.752576 9.172461 -8.528084 12.733309 -7.649095 8.397608 -8.427094 
380.579775 -23.313874 0.286625 8.628511 -7.932298 3.798415 -13.220140 7.726947 -11.865858 13.236984 -6.370934 10.104696 -7.255914 
387.876827 -18.537991 7.106865 12.162426 -1.233686 10.804040 -8.150282 10.685436 -4.555299 15.547908 -5.166651 12.211955 -4.540367 
382.013898 -25.227808 3.999205 12.600838 -6.393481 4.102753 -12.296468 8.263338 -4.820816 13.547821 -7.069292 8.842218 -6.111735 
384.628320 -19.624205 -0.277967 12.042036 -7.065964 6.969910 -9.740376 9.883543 -5.363338 11.382364 -5.054873 9.691461 -7.487686 
376.793438 -25.976475 -1.723342 5.140030 -9.697902 3.175335 -15.041256 4.569855 -6.688181 11.106720 -9.729985 12.061896 -7.774208 
384.952594 -23.390720 3.704196 4.905172 -12.569399 6.510088 -13.060130 6.764932 -7.430564 11.503812 -10.318113 9.881222 -6.516116 
384.050131 -24.364464 -0.991738 5.729008 -10.290427 8.025382 -13.306136 6.341543 -7.638766 13.438091 -4.928794 11.104227 -5.117240 
391.354670 -21.917425 -3.002658 7.526066 -10.852726 5.422777 -11.990477 6.000483 -9.792960 10.905148 -7.509623 9.007083 -6.621283 
389.266170 -26.337164 -1.153991 11.588937 -12.836638 2.351815 -12.833192 8.517449 -7.554463 9.395601 -11.830712 8.048827 -4.357407 
391.858718 -21.004753 5.925089 15.189201 -5.404605 7.886913 -9.790735 8.399006 -5.022406 15.882880 -7.100476 9.158333 -6.511010 
391.671515 -21.597037 4.807531 11.287727 -4.271626 8.766605 -9.444879 5.906553 -7.857577 14.476538 -7.397311 12.544213 -8.705393 
398.901065 -19.390386 6.356113 9.886059 -7.203801 11.285735 -10.361857 8.276144 -5.336383 13.729305 -7.241351 13.737888 -6.428039 
392.364796 -22.031674 6.942945 12.551788 -5.627275 9.432501 -13.145447 10.361404 -3.776166 12.650234 -10.756442 10.876748 -3.507331 
392.671067 -22.160848 1.407304 11.864125 -2.917429 10.894455 -11.707213 9.160738 -5.770616 12.037992 -6.995907 13.185147 -2.707785 
391.662464 -23.614560 -0.861269 10.600004 -7.197521 11.110908 -11.557255 6.036165 -8.956347 9.710874 -8.937714 10.067617 -6.351309 
393.852562 -21.052180 5.211161 13.606179 -4.500602 13.100160 -6.981758 9.296380 -8.493699 12.526946 -5.324352 12.524498 -7.035948 
394.775124 -24.714025 1.795080 7.224203 -8.216035 8.846057 -13.356985 11.014086 -7.793729 10.652869 -6.219331 10.457573 -9.819158 
399.613877 -19.564562 1.848451 8.229271 -7.713977 10.816427 -10.417379 13.777900 -3.972591 14.030687 -6.358313 11.092475 -5.113239 
381.642296 -23.424372 2.040460 12.620959 -7.607676 8.036144 -11.207696 6.625931 -4.303741 12.416570 -7.535090 10.800874 -6.564380 
387.203490 -21.855492 3.176114 10.783125 -7.590345 10.859985 -6.260672 8.264086 -5.960139 10.968340 -8.055697 12.732513 -7.136469 
377.297924 -23.669596 2.942807 5.828809 -9.976776 8.121148 -10.074661 6.129521 -7.401190 11.882261 -10.651575 7.866773 -8.152073 
392.008394 -14.614862 7.199688 13.390445 -6.946076 12.082492 -6.457927 11.792316 -5.094687 13.799048 -4.180701 10.898211 -6.384759 
386.063657 -21.530492 1.108356 10.055860 -10.886663 5.726099 -11.356474 7.408451 -9.504462 7.911746 -7.369687 11.384861 -8.201287 
395.440679 -16.742347 7.578403 17.199547 -2.854272 10.971034 -7.609637 13.389840 -4.551024 16.324753 -4.605358 14.039847 -4.798014 
382.414163 -24.958043 0.447528 10.885025 -8.636056 1.338441 -17.175724 8.035330 -7.957357 15.562933 -10.768931 6.144006 -9.486120 
379.366714 -17.815911 4.345666 11.946173 -1.700484 9.227047 -6.839192 14.965758 -2.631773 19.777802 -2.736137 12.499933 -4.334514 
364.075771 -28.371091 -0.163500 7.553420 -6.402148 3.916654 -14.969494 6.366539 -7.090903 16.455924 -2.557982 11.335732 -8.902109 
379.319663 -17.262164 7.182832 12.887599 -0.495335 11.747333 -7.435026 10.638847 -2.734145 17.588397 -0.795182 13.509653 -2.886909 
366.807416 -26.770931 -2.192473 6.008302 -9.498151 1.155196 -16.774986 1.821987 -7.810410 11.041385 -6.979587 9.215275 -7.677745 
374.744015 -16.079581 6.260048 15.112862 -0.324323 11.651148 -9.176523 9.279949 -2.159736 15.987120 -0.659572 18.106451 0.432561 
362.051619 -28.073106 0.905892 9.336022 -6.659635 1.245539 -16.501113 6.437788 -6.474087 14.199015 -4.849368 13.418577 -6.860978 
377.003458 -19.269191 6.097099 12.100067 -5.479022 5.629596 -10.923006 9.140513 -2.150837 14.764881 -4.400027 14.633860 -6.559436 
371.511693 -21.715561 2.487598 10.849786 -9.082965 4.111606 -11.832224 3.816693 -5.080171 14.474800 -5.876067 11.818442 -8.435922 
369.519927 -19.016232 4.451394 13.759410 -6.591780 8.636338 -5.621896 9.590741 -3.405039 14.810674 -3.189471 15.328533 -3.218793 
368.086436 -24.241525 1.383619 11.537132 -6.974410 5.754637 -16.281193 1.996388 -3.574751 14.061823 -5.742475 9.484597 -7.690558 
378.806402 -17.273950 4.218046 10.555038 -2.432364 12.485897 -9.754178 7.237493 -2.455458 16.308647 -5.156195 12.159225 -3.802993 
367.677838 -19.599603 4.482430 6.729925 -3.843497 8.148336 -11.846696 4.526327 -6.248495 15.378169 -7.194581 9.878655 -5.385298 
357.200442 -30.315412 -6.655644 -0.765706 -14.101554 -4.206113 -20.212561 -0.073903 -13.455780 5.575849 -11.626479 3.494809 -13.467078 
356.556763 -26.845784 -3.308525 5.026297 -10.034907 1.140041 -17.028751 3.170495 -10.038851 7.874465 -8.499549 6.884701 -10.100767 
354.505540 -21.553667 2.586401 10.225404 -2.671331 8.649881 -11.677516 7.290119 -4.475985 14.180654 -5.805098 13.401879 -5.556423 
355.243625 -24.196552 1.018011 13.372586 -4.250303 7.750607 -11.567343 5.059060 -10.286676 9.696449 -7.768929 11.493001 -2.189520 
362.867334 -18.872284 5.249525 14.407042 -2.966306 9.401673 -6.503002 10.431945 -4.976423 15.364126 -5.186498 10.801679 -4.201597 
354.934500 -22.923912 1.865774 8.712509 -3.692863 6.415469 -12.031809 6.380291 -8.186033 10.447448 -8.152930 8.959910 -6.951764 
364.486669 -18.096940 1.737278 9.223603 -2.714089 14.880678 -3.608876 10.414463 -5.036590 14.818033 -3.886941 12.568007 -2.059024 
375.451917 -19.066031 -0.314892 9.586414 -5.077318 11.447511 -5.719087 6.051734 -9.166679 14.693444 -4.472821 11.252318 -1.779046 
378.333581 -20.564460 0.673609 15.902382 -1.172447 12.685003 -3.271087 9.093966 -6.561314 16.157378 -3.145876 11.197922 -3.545521 
368.440719 -25.594174 -2.645157 11.793574 -2.826882 11.813081 -4.817997 6.827250 -11.289569 10.585119 -7.746959 10.113000 -5.147412 
370.892257 -21.411703 -3.557380 5.820648 -2.636179 13.796634 -4.840349 7.180717 -10.279549 8.970840 -6.766187 15.304718 -1.952428 
375.795838 -20.179499 -1.263539 8.351335 -2.060194 14.110162 -6.431976 8.567048 -11.988422 8.010815 -7.527976 15.599031 0.091505 
377.903097 -18.873983 2.529258 9.707087 -4.899058 11.017055 -5.684044 11.768754 -9.874416 11.197517 -7.288797 14.572456 -0.262330 
370.879036 -21.846947 1.394347 7.768159 -6.491219 9.800564 -6.537105 9.812030 -9.110445 9.014371 -8.441496 16.212970 -0.490395 
381.163306 -20.584772 4.665683 11.362388 0.273061 14.331472 -7.810353 9.489581 -5.711823 10.954860 -6.809601 13.030801 -5.149518 
374.909415 -25.835396 0.514849 11.848751 -0.095247 11.966860 -8.554409 5.823031 -12.656785 5.924374 -8.192746 10.568286 -7.604487 
373.705392 -18.043627 -0.400170 11.175559 -1.707779 13.450856 -4.496504 12.008036 -4.922151 11.074166 -4.979091 12.609170 -3.223640 
374.104182 -20.719433 -3.552475 6.241265 -5.648303 13.652642 -9.123236 4.690223 -7.634410 10.185627 -10.744038 9.598056 -4.188644 
381.726043 -18.982545 -1.336895 11.576007 0.768615 19.231934 -3.637199 9.107837 -5.335125 14.859568 -8.937424 11.109288 -2.359035 
373.861621 -24.201655 -3.359776 8.555226 0.241871 15.392401 -8.902146 6.122546 -9.443605 11.713577 -10.051911 7.243478 -5.530580 
376.713422 -20.596267 3.613885 13.993189 3.040202 19.112234 -3.351034 12.364397 -4.152666 14.426339 -7.959600 10.014866 -1.797519 
