320.279934 -24.442721 -3.455042 4.325369 -2.978014 3.928177 -15.661011 0.420309 -12.310100 8.620885 -8.685792 7.987905 -8.018825 
348.515264 -24.745636 2.938288 7.512910 -4.752720 7.957132 -15.221554 1.329111 -10.869224 12.585643 -6.067678 10.341197 -7.630094 
349.158676 -30.303779 -1.340268 4.482408 -9.395929 4.027910 -19.023489 1.661185 -12.291599 6.587887 -9.210309 5.953984 -12.566823 
360.513020 -22.675351 9.918879 15.282832 -2.849147 8.256418 -12.519052 9.035093 -7.865836 9.838058 -3.969225 13.120284 -6.075749 
362.084310 -30.198933 4.833546 12.953978 -4.807810 5.426044 -16.179997 5.110498 -14.138280 8.518847 -7.880376 8.275993 -10.060779 
376.721935 -24.721993 6.664278 18.494728 -5.126280 7.673428 -9.703527 10.280235 -7.272491 13.349751 -6.532132 11.246915 -3.705756 
369.143131 -33.911672 -1.068956 11.825813 -10.539448 2.750737 -15.945578 0.798193 -13.398913 7.357602 -10.016547 6.780483 -7.868403 
386.106357 -22.980909 7.761427 14.493913 -4.169506 11.609254 -11.240202 10.428921 -6.536387 11.829779 -4.772457 12.548610 -3.350362 
377.707213 -27.693194 2.347036 12.567333 -7.474674 8.269034 -13.873812 5.003804 -11.260382 9.401288 -5.851172 12.762697 -6.096579 
378.639378 -20.758356 3.447765 13.587141 -7.117360 10.821459 -8.813437 8.941538 -7.513554 11.120892 -6.529630 10.868129 -3.387338 
378.295133 -27.527189 3.592719 9.777985 -12.123977 4.642326 -13.592034 5.830872 -12.005886 7.075635 -8.453109 5.935043 -7.228998 
388.628133 -25.246450 5.932241 9.904277 -10.770740 3.139023 -13.654400 8.577793 -10.342696 7.477618 -9.791010 10.785546 -7.005836 
389.000467 -23.140125 4.956004 10.219866 -4.481185 11.828453 -11.674589 6.626489 -8.583997 9.622589 -8.459769 13.682594 -6.227352 
390.680652 -20.376919 4.299631 12.266597 -5.338178 9.838238 -8.594339 7.417189 -9.551382 9.609550 -7.360102 13.688381 -6.504738 
383.706408 -29.084493 -3.191101 7.357697 -8.592146 2.682257 -14.353517 4.511095 -14.572742 8.205647 -9.894827 9.941884 -9.218267 
398.641942 -18.285089 4.365142 12.346801 -5.186848 8.717309 -9.881276 11.194726 -8.330928 11.573152 -6.566586 14.463647 -4.713295 
386.525787 -25.918420 1.562394 11.355772 -8.121810 4.337881 -17.217673 4.981051 -11.359422 6.068915 -11.455452 11.811450 -7.105144 
387.884339 -24.018331 6.311983 16.515125 -2.977768 9.530549 -11.840370 8.712367 -7.266975 9.061031 -9.204190 13.231157 -4.567404 
382.641092 -27.719581 4.368227 11.773126 -3.909105 11.482802 -11.384117 2.736056 -11.578009 9.205184 -9.908698 12.751354 -7.367227 
388.382745 -22.658120 7.339536 18.891440 0.033998 11.959519 -7.494885 7.696114 -9.080980 14.865934 -3.725785 15.260175 -5.276229 
377.660635 -26.326510 6.868963 17.895329 -9.165065 3.371070 -9.699755 7.370797 -10.250682 11.693426 -5.474583 12.213271 -7.731773 
385.426873 -19.620298 10.538457 18.086980 -5.613184 11.575835 -5.832713 11.604179 -4.433374 14.411230 -4.662443 12.604065 -6.741027 
373.328628 -26.584060 5.274314 14.533822 -9.056556 2.947672 -12.170457 9.524951 -7.911955 10.186085 -8.636609 11.082408 -7.396628 
379.950638 -21.324732 3.772322 12.088966 -6.894242 4.577160 -8.492395 10.362421 -7.940886 11.490427 -6.063322 11.502256 -6.440145 
373.568255 -27.033481 4.016874 8.388817 -11.023562 4.576732 -10.845076 6.035282 -11.133515 10.903446 -7.775970 8.375647 -9.217195 
383.272331 -22.177304 9.537606 15.217628 -5.515644 9.045612 -10.668600 7.393916 -8.132098 16.086893 -3.221541 9.850161 -9.151211 
376.644016 -31.553958 -1.062112 6.838103 -14.521749 -0.033084 -17.746470 0.293414 -15.077656 7.234182 -10.570221 2.989720 -15.261227 
390.320417 -18.937275 10.408817 14.372644 -5.820825 8.044460 -8.122617 7.283600 -5.875896 14.421740 -3.613527 13.193625 -7.000095 
382.621638 -22.321245 9.253105 8.342234 -8.588219 7.599188 -9.605757 5.980923 -6.535457 13.029338 -7.277356 11.143966 -8.007938 
386.336739 -21.879805 4.124353 9.776561 -8.443591 5.710943 -7.709259 10.986638 -9.525737 12.299546 -2.721042 14.650862 -5.122329 
384.004060 -23.210233 2.513136 13.075468 -7.211028 4.818710 -11.861374 10.778349 -9.571901 10.291616 -4.507169 11.469045 -8.219063 
384.392105 -19.543406 2.812867 10.165485 -6.176359 7.272736 -12.621111 9.420937 -6.045874 11.058822 -4.038084 14.132251 -5.557947 
375.344863 -22.599925 0.545329 7.571025 -9.150745 3.765638 -12.173683 7.333245 -9.180082 8.576980 -6.898293 12.861430 -7.799450 
381.065504 -18.954286 4.768299 9.003410 -5.782688 7.715364 -9.235988 11.332862 -4.304831 13.733384 -6.556826 16.713962 -5.523931 
377.051189 -21.347863 2.915529 7.842952 -6.818257 7.532588 -12.131019 7.900675 -5.920124 10.830797 -8.347327 14.726798 -7.567989 
377.787729 -17.617143 8.468608 14.865441 -5.030513 10.520135 -10.656509 10.028437 -2.833064 14.523371 -2.118805 15.328559 -5.514040 
367.512820 -26.451873 2.503125 13.672380 -8.128738 3.753823 -15.556333 6.208509 -5.613312 12.358489 -4.540866 13.924839 -4.912214 
373.038502 -17.105840 4.284690 9.732729 -7.820393 5.441501 -8.003231 11.447024 -4.181687 15.120191 -4.572156 11.012595 -4.867530 
369.903791 -25.510979 0.868272 3.400368 -14.312960 0.884864 -15.160192 3.175279 -10.005163 9.162763 -8.211923 10.359093 -8.278503 
384.569935 -17.837899 6.497088 9.397121 -5.705497 11.357518 -7.465159 12.709663 -5.247300 15.224747 -1.137879 16.513796 -4.056772 
371.175996 -29.171058 -3.029563 7.031939 -11.818730 0.463161 -18.106699 1.617774 -11.372784 13.765629 -5.190085 11.472856 -5.701762 
383.499351 -16.610326 6.468567 15.265680 -1.284777 10.122101 -5.834510 7.072215 -7.144439 17.818548 -2.731489 17.567219 -0.848954 
369.714932 -26.992410 4.710114 10.456672 -8.581107 0.039992 -16.218127 4.875264 -8.589425 14.663279 -7.752400 13.953934 -7.332070 
374.593232 -24.763805 0.398322 7.415709 -10.351278 0.663343 -15.404798 6.522996 -10.797950 12.097492 -5.995154 15.043458 -5.254449 
370.140049 -24.223028 1.886854 9.145477 -7.977467 3.217905 -11.761592 9.986021 -8.179055 11.724064 -3.977322 17.994971 -4.330527 
366.067073 -22.806913 6.114954 9.543318 -11.829874 1.201989 -12.154609 8.658247 -4.478169 13.269486 -5.668611 15.401377 -6.084333 
356.488305 -26.254499 1.239200 3.952285 -15.786582 0.432716 -18.254501 2.144963 -7.940360 9.250965 -6.738178 10.436327 -8.144473 
368.617186 -19.449577 5.282003 12.677044 -5.148704 9.284676 -9.182474 6.992552 -2.945118 14.688812 -2.187714 15.844087 -2.009798 
363.968234 -26.430655 3.850067 9.932833 -8.716155 3.960049 -14.486544 5.450288 -6.115438 13.159361 -7.487870 10.500729 -3.870836 
366.994984 -20.959875 2.908143 8.958570 -5.004520 6.462746 -11.389587 10.431350 -6.034998 14.843008 -2.778016 13.279382 -4.224187 
358.067569 -28.284380 -4.891624 3.591410 -12.400531 -2.692757 -19.791572 0.635072 -10.972418 8.041850 -10.082553 7.173045 -12.324457 
364.714697 -26.110153 -0.492846 5.175452 -14.128925 -1.273273 -15.839449 7.231052 -5.106189 7.712535 -13.683801 8.215775 -8.725533 
361.744103 -27.699848 -7.012702 2.723913 -14.200945 -1.243911 -13.806451 4.690020 -8.639233 6.870188 -13.864876 7.978349 -9.526575 
365.447128 -21.636608 -1.604248 10.970747 -5.124741 6.976820 -6.335274 10.606123 -5.600082 14.362753 -7.430722 10.727480 -4.389571 
364.475931 -25.588876 -1.734692 9.089629 -9.158874 5.190547 -11.493680 9.065919 -6.013252 9.973236 -11.089422 7.710065 -6.529865 
357.349701 -26.998237 -3.512155 8.737546 -8.883989 5.977340 -9.052677 8.288721 -6.829453 7.298560 -13.071737 6.164115 -6.644538 
348.289320 -25.661002 -4.998584 10.882340 -4.037376 5.780620 -7.596410 5.873260 -9.364531 8.342458 -12.187862 4.876961 -9.090247 
345.011981 -23.771056 1.715414 16.220395 3.943413 15.241011 -3.561109 9.199814 -9.486890 9.343244 -6.796230 13.125666 -2.147951 
343.386410 -25.883511 3.698080 14.596943 0.160576 14.344068 -6.340188 5.227131 -10.794384 5.703099 -8.103338 11.936981 -5.161672 
347.474453 -21.676900 4.904630 18.042680 3.367292 15.770915 -3.852894 8.231688 -6.697700 9.717933 -3.082916 15.584651 -3.231424 
327.458095 -32.364664 -5.232555 11.527619 1.605785 11.249219 -7.655653 5.393797 -13.092489 4.909148 -10.354259 6.583284 -10.699108 
