348,748149 -24,717885 5,205632 8,661545 -7,272473 6,044567 -9,915600 5,005459 -10,574654 10,534051 -10,270072 8,090115 -7,964838 
374,153313 -23,689837 9,159727 10,937295 -7,696112 9,599796 -10,582579 7,049481 -11,762296 9,189007 -6,802908 9,948788 -6,624844 
381,607971 -25,325151 8,764797 8,352328 -11,430337 7,239743 -10,680900 6,449777 -12,645690 8,830742 -10,020956 10,011649 -6,754484 
394,359064 -22,954251 1,138657 8,555792 -5,184206 6,699741 -13,099241 5,140995 -12,008835 9,407569 -10,597530 12,113307 -7,912468 
392,988691 -25,569522 0,960918 13,231879 -1,342857 10,762391 -11,337802 6,564223 -11,120904 9,948096 -8,830010 11,429771 -9,008472 
396,260446 -23,460513 5,453589 17,327725 -6,117373 8,098816 -8,728888 9,953566 -9,413614 10,669355 -9,321626 8,840282 -5,705256 
397,720187 -25,362661 2,371274 15,291685 -8,341415 7,465137 -8,629220 7,704368 -9,865268 9,856993 -9,434395 8,366058 -6,501776 
402,422591 -18,647969 9,388521 18,112586 -3,292460 14,155643 -6,207616 8,757829 -6,908623 14,500546 -3,679337 15,625941 -3,446359 
386,102464 -34,548932 -1,295398 9,144424 -13,239211 0,864610 -20,868413 0,042989 -16,301736 3,451302 -14,163751 9,385202 -11,298198 
405,830606 -20,131883 8,279854 18,777367 -1,215150 12,094019 -6,358943 13,685293 -5,640943 12,995906 -6,309035 13,410831 -6,171259 
389,395814 -30,520667 0,290069 11,350158 -8,047267 2,035457 -16,182285 5,106118 -15,055297 5,334378 -9,731066 8,523139 -10,325097 
409,167457 -17,719287 6,781327 15,482733 -2,641495 8,087228 -8,528078 14,221051 -5,461335 14,556830 -5,519827 12,496818 -6,326103 
399,391186 -22,939480 3,474953 10,401685 -8,996847 6,897200 -12,286869 8,132073 -9,058183 11,737588 -7,085691 9,964911 -9,215841 
395,427914 -24,856700 8,206688 16,103178 -6,977905 10,246766 -11,126140 9,193517 -8,464620 10,856982 -5,421828 14,524616 -7,118197 
387,094859 -32,481699 6,266985 17,166020 -10,473097 4,065184 -12,929197 9,032605 -9,892652 7,278173 -11,974124 12,017983 -5,322190 
398,073021 -23,958121 7,957293 22,007660 -2,252615 11,935476 -7,689958 9,620092 -7,091650 12,700646 -6,957735 12,978306 -3,797967 
394,577595 -24,888377 9,038531 15,816028 -4,884075 6,739711 -14,716670 7,768102 -8,324743 13,440187 -7,041954 12,248072 -11,539626 
400,615379 -16,988789 12,321501 12,122039 -5,987465 10,531637 -8,380864 10,760980 -7,872730 14,615996 -6,884046 14,643257 -5,996469 
379,626366 -36,955680 -6,160830 0,501659 -20,186979 -4,702641 -21,528362 -2,781317 -22,605273 -1,977977 -18,761103 0,873424 -16,039301 
391,448752 -23,994749 6,961299 17,126276 -8,839559 3,777976 -10,806741 8,798868 -9,058861 9,324641 -5,798617 11,403414 -7,761172 
383,079006 -27,159654 4,934766 16,647913 -7,257319 5,563787 -10,770705 6,904566 -8,390348 9,640128 -7,025332 10,244769 -8,763916 
389,562827 -19,908122 9,754827 14,158832 -4,419464 9,848627 -7,065192 7,753703 -8,904935 10,260871 -7,068567 16,007406 -6,105892 
379,682389 -27,521985 2,269458 8,469093 -7,501382 5,235708 -12,456399 2,895022 -13,096489 6,708253 -10,122217 11,920479 -11,668298 
389,379799 -23,938430 6,785733 11,485238 -8,227357 6,664472 -10,033624 7,398908 -11,432891 7,849987 -9,002350 11,234018 -9,541089 
383,860087 -29,785042 3,942888 9,719662 -11,119590 3,961994 -12,464991 6,206037 -12,241515 4,965923 -12,864690 7,507332 -9,682423 
380,756323 -24,684061 7,106754 12,006974 -6,779301 6,008343 -12,715377 7,238501 -9,940741 9,773756 -6,400148 11,449777 -4,603374 
364,515302 -26,396801 4,048116 10,012817 -4,688670 3,556795 -13,662323 5,494093 -14,423961 8,883005 -7,204308 8,766898 -8,461518 
372,467598 -19,156570 6,799970 10,598122 -3,140708 9,855795 -8,998407 8,337447 -7,250075 12,608260 -8,137500 12,821170 -5,481600 
359,895496 -24,944242 9,195617 13,231465 -2,827417 4,014210 -14,260034 6,361357 -8,314383 9,754436 -11,912033 10,700778 -5,674164 
365,242084 -20,196817 7,710136 13,763325 -2,392679 9,073268 -6,598429 9,448071 -7,030750 13,734559 -6,751243 12,070918 -2,986405 
360,433356 -26,513349 4,094392 6,710460 -12,230463 3,754028 -11,839713 4,512397 -11,236004 6,582776 -9,804934 7,150909 -8,398998 
359,272283 -20,583151 14,012427 11,993375 -9,761615 9,368106 -8,544982 10,458213 -2,209637 11,273124 -5,754252 14,499532 -5,092095 
343,643152 -27,493411 5,987133 10,351400 -9,868657 4,682217 -15,694029 3,044508 -8,089224 8,804306 -10,262275 11,714920 -7,912140 
356,506825 -21,244802 8,803894 16,598188 -1,680012 12,616444 -8,551217 10,713633 -5,173159 16,421156 -4,604994 11,062267 -0,827886 
349,872701 -30,209696 2,197543 7,522691 -12,861835 1,536270 -18,716479 2,442336 -13,669891 9,394887 -11,725079 4,159693 -7,238319 
367,745263 -20,636237 8,805072 15,773397 -4,525856 9,128483 -10,087565 9,976879 -8,006186 12,502856 -5,545380 12,995155 -4,267106 
365,562422 -27,640200 -0,302726 10,897417 -8,316598 3,197115 -14,940714 3,576962 -11,406695 8,242274 -10,554555 8,373029 -7,150506 
364,068413 -20,853037 6,972725 16,755630 -3,018917 8,030141 -6,505117 9,485730 -5,752351 12,419264 -5,012271 12,643405 -6,393652 
352,806672 -27,541351 7,191071 13,963643 -9,403615 1,849070 -14,083535 4,506680 -8,972991 7,958665 -8,886338 9,015352 -6,264055 
363,943354 -19,707727 12,568929 18,250887 -5,377634 10,013382 -4,702474 11,038974 -6,924547 8,173900 -3,017592 14,681276 -3,614471 
345,931609 -32,405656 6,707078 17,350703 -8,229632 6,758177 -11,027967 3,383874 -14,731028 2,580239 -9,437702 8,652556 -6,730703 
353,293920 -24,086161 12,295259 20,306555 -1,508005 12,932355 -4,473632 11,434830 -6,818670 13,694768 -3,308886 11,785453 -5,103600 
352,196064 -28,274177 3,377209 10,773670 -7,201215 2,461142 -17,638840 2,269163 -10,604479 9,002466 -6,818883 9,746602 -13,048570 
378,359378 -17,824355 6,490114 13,239093 -5,258925 7,121540 -9,406893 13,995491 -2,514458 13,641567 -2,381688 15,843923 -4,503126 
380,360866 -25,993298 6,996143 10,452563 -16,757141 -1,028965 -16,022334 8,698137 -5,255903 10,903190 -10,116239 9,828343 -9,039056 
389,001226 -18,947341 15,200926 13,528726 -14,058944 6,655638 -7,415377 12,870769 -2,482564 16,123851 -4,643059 14,213301 -5,979461 
374,544892 -26,686324 3,605125 6,322726 -18,453823 -3,392555 -17,706826 6,166862 -9,466621 8,269153 -9,404325 6,181889 -16,282888 
374,214213 -17,790562 6,260982 17,030062 -8,151101 3,807332 -9,717410 11,640296 -3,700436 13,678912 -4,009671 9,965228 -8,140888 
369,548184 -24,824734 2,549151 15,696682 -8,840181 4,446855 -11,892776 3,908857 -10,232825 11,437901 -8,563597 9,398186 -6,440227 
369,260631 -21,595842 7,022507 17,209312 -4,646225 9,319161 -7,148117 7,918800 -7,824739 11,873363 -5,683959 14,920793 -2,841855 
346,939040 -29,560739 2,153938 9,068752 -8,050037 7,047329 -9,996162 3,218985 -14,705803 5,009791 -8,504369 9,198678 -7,311024 
348,729892 -20,619640 10,173034 15,458634 -0,161235 15,834729 -2,811942 12,042517 -5,430796 12,012248 -3,855412 10,538404 -5,160920 
332,220109 -28,941700 4,378771 16,160383 -0,913495 14,896286 -5,132072 9,041641 -5,730545 6,797325 -10,609186 3,333191 -12,748646 
334,283042 -24,913503 6,292571 19,221844 2,265674 14,418994 -4,554276 8,856912 -8,898108 8,061653 -5,160147 12,439109 -2,719839 
321,912160 -26,938960 2,847085 14,006202 -0,686751 11,742172 -6,510981 7,557688 -12,136545 3,978540 -8,167811 8,866217 -4,859217 
299,381605 -27,585556 5,932300 17,434340 1,096813 11,446449 -7,039222 8,973157 -5,321885 7,824578 -7,208540 9,638277 -4,836782 
275,943630 -25,376081 -1,753262 9,874225 -4,580998 1,182138 -9,932035 7,118132 -6,237622 8,273891 -9,364853 6,700400 -5,590466 
261,715906 -20,776086 -0,582923 11,581634 -4,839555 0,946311 -6,474706 5,739762 -6,087465 7,463088 -4,887869 8,209509 -5,941478 
234,046023 -22,576924 -4,587414 12,044331 -5,786881 6,338475 -0,738371 12,350500 -2,814324 6,886276 -3,284373 8,360098 -2,181587 
