339.431298 -27.378877 -5.846639 -4.221855 -13.612552 4.206622 -7.901770 11.533646 -3.400702 10.855383 -7.878405 7.353521 -8.388526 
373.624705 -21.945122 4.292637 0.532975 -14.504107 10.297275 -3.270974 16.797745 -2.841367 15.886114 -4.190688 10.096964 -5.861943 
392.534420 -31.356725 -3.192709 -4.872231 -20.836721 6.797803 -9.434205 12.708118 -3.192813 16.693384 -3.754278 10.378102 -9.978670 
411.696488 -24.750659 -2.963842 -1.888908 -14.745914 10.689058 -6.224009 13.773549 -3.738571 16.508889 -7.012769 9.027819 -8.645353 
401.440389 -30.886895 -10.196501 -3.174797 -16.911102 3.886425 -7.755373 13.501847 -5.528500 14.211922 -10.159086 6.142655 -10.723179 
414.279755 -17.468004 5.543149 8.181942 -10.731523 8.338988 -2.243113 18.296505 -0.636075 15.339742 -7.212664 13.114722 -5.013658 
401.298624 -26.538011 -1.910455 1.495100 -12.140937 10.414750 -2.672517 14.347767 -3.942842 14.765214 -10.052086 6.207012 -11.743031 
406.335504 -21.929360 -5.594653 2.068081 -11.916806 8.393287 -4.407519 18.606346 -2.453148 16.357125 -1.866377 14.804207 -5.733506 
401.480763 -26.513118 -5.924421 1.539897 -13.490043 8.441869 -0.908506 19.418872 -5.205350 11.798592 -6.051826 11.201457 -11.165145 
413.162579 -18.397241 -1.187302 4.499624 -9.676460 12.801526 0.129376 15.850772 -3.297206 16.289110 -3.740459 14.570791 -8.032311 
404.213889 -27.147111 -8.177027 -1.262694 -15.644891 10.411316 -3.241923 13.257875 -4.734509 12.305948 -6.532657 13.651568 -9.216598 
409.184460 -17.119879 -0.635744 4.051006 -10.323832 15.070165 -0.963527 17.582963 0.025849 14.110657 -4.440966 18.300258 -1.937857 
394.693317 -28.568493 -7.385333 -4.971230 -21.353135 5.673960 -6.215413 11.583522 -7.514353 10.907497 -6.736733 10.655922 -9.071682 
397.838635 -27.827738 -2.229528 2.563445 -16.769461 6.461861 -6.216440 15.204803 -3.787325 14.270032 -5.751348 11.895428 -5.949467 
391.062246 -29.305093 -4.197371 0.868115 -17.361618 6.967182 -4.823654 16.414535 -5.411362 12.590179 -7.847936 10.442145 -8.203577 
395.804200 -25.415233 -4.437485 -0.595522 -15.228997 6.310927 -5.020020 14.774038 -5.887113 14.460743 -7.436151 13.579518 -5.513999 
394.126614 -27.573633 -4.441585 0.006010 -15.683967 7.889748 -5.235374 15.363795 -5.106975 14.786674 -10.290819 9.461268 -7.547858 
408.178594 -19.787787 4.204608 4.318308 -12.741814 13.746928 -0.657876 18.085698 -1.737248 15.163982 -8.148396 15.220757 -4.609706 
398.474360 -31.369188 -5.017265 -1.006982 -18.264276 5.568668 -5.041643 15.442014 -5.304387 11.841450 -12.122619 9.717737 -9.304247 
409.433960 -19.321794 2.018160 6.728828 -12.369419 10.731474 -1.148661 18.345597 -2.820376 13.428583 -7.531603 13.337723 -6.234404 
396.092518 -26.593899 -4.095602 2.263799 -15.192547 6.901352 -4.612468 14.370494 -2.635670 12.439223 -9.526316 12.635137 -7.601774 
413.038033 -12.543461 5.042554 7.030219 -8.707744 12.277351 -1.151338 14.091273 -1.714225 15.375617 -5.865610 17.200099 -4.003050 
399.111987 -25.473490 -3.943094 -2.771533 -17.421820 7.019569 -4.262900 14.151619 -4.618243 11.936901 -7.137769 12.400944 -11.961927 
416.628015 -16.976641 4.927953 5.244849 -9.240278 14.776770 -6.214641 19.661624 -0.682983 15.288609 -2.658606 13.278820 -7.385085 
408.139244 -25.719762 0.086604 2.938093 -13.452204 9.473904 -8.741171 19.618436 -1.014443 14.132326 -3.563827 12.387557 -9.760987 
401.276563 -30.458430 -8.884937 -3.078639 -16.682232 9.110484 -4.279552 18.427297 -1.801116 14.955594 -7.309374 10.335094 -6.764931 
402.240885 -26.157850 -5.230511 -1.245956 -14.705464 4.388307 -5.046929 17.466140 -1.426207 19.244136 -2.341810 13.261925 -6.565286 
408.782520 -23.345252 -2.844101 0.548525 -12.510211 9.921213 -3.655389 18.569261 -0.770916 17.586260 -2.516016 13.210958 -7.442501 
403.118217 -24.740443 -0.823224 2.405814 -12.569551 10.798498 -6.390618 16.148358 0.733808 17.490287 -4.738995 13.279157 -7.083810 
398.756058 -24.731041 -4.710649 -1.653355 -16.436951 6.766779 -8.370354 11.067858 -5.709961 11.756611 -6.426587 12.299470 -9.361974 
382.292721 -31.063549 -10.034842 -6.036226 -19.993189 5.984367 -6.450895 8.814870 -10.067596 7.780277 -10.513932 7.838014 -12.951565 
384.919563 -21.994408 0.134474 3.480340 -12.267696 11.525613 -0.244170 17.253042 -3.226602 15.605510 -4.272511 12.278107 -6.530175 
379.643826 -24.971696 -4.084725 2.975368 -14.681002 6.595770 -2.859070 12.885569 -8.936453 8.023369 -8.996266 9.848452 -8.384455 
390.615676 -15.361122 3.960254 8.139532 -9.543363 12.128717 1.886178 16.941658 -3.665608 14.202380 -2.366380 15.117812 -3.370109 
377.170585 -22.836449 -2.240425 -1.931841 -14.932471 5.519978 -6.849084 10.153094 -9.798688 8.934673 -8.930995 10.263400 -7.287846 
380.804216 -16.193945 6.462502 6.048581 -4.601114 13.786395 1.666354 17.331613 -2.041919 14.207152 -4.876374 14.501350 -4.490938 
371.042020 -19.054597 2.198183 2.595555 -8.368229 7.329153 -2.402396 13.467961 -2.725841 11.663248 -5.890094 10.442378 -7.375451 
365.434038 -25.708373 -6.452921 -3.596865 -13.506835 5.772467 -3.644698 15.408451 -4.753459 14.796531 -1.640127 12.107658 -5.348728 
358.921397 -26.304993 -3.192608 -1.378516 -14.124013 4.312782 -5.918101 15.298133 -5.211723 12.492044 -4.706872 9.731347 -7.046738 
368.590872 -17.009034 -2.305907 2.529797 -11.231007 6.784886 -4.109691 11.149568 -7.724181 9.784935 -6.862947 10.920298 -9.841212 
371.537947 -19.332746 -5.177307 1.224436 -10.606532 9.257741 -0.119772 15.322922 -4.012713 11.707657 -5.246902 13.713736 -7.765095 
365.851536 -17.016034 1.383224 3.142013 -9.528974 7.843536 -1.122917 14.627843 -5.435635 10.897201 -7.471470 13.141447 -4.465037 
357.015703 -23.435979 -5.868826 -2.490960 -12.014923 8.646175 -2.753260 9.945322 -6.198051 14.330242 -6.665689 10.585365 -4.714087 
366.133842 -20.280378 -2.009036 2.844912 -8.240567 13.303613 -2.891431 12.793773 -6.770746 13.103331 -6.976007 11.208800 -6.143401 
357.349689 -25.508078 -6.770574 -1.490765 -11.502238 7.412218 -7.838548 9.990504 -9.429193 9.410041 -9.343788 8.913511 -8.795472 
350.497537 -21.867986 -6.037350 0.736487 -10.251918 7.115194 -4.714850 12.174171 -6.497905 11.543065 -6.508056 8.945704 -6.545617 
338.663208 -24.439491 -4.332547 -0.677223 -14.005122 5.282096 -6.125326 10.557894 -6.975150 10.674651 -9.441314 9.853435 -6.319550 
346.218757 -27.636573 -5.318716 0.682428 -15.502805 5.300115 -7.370250 11.285760 -5.921977 10.433926 -9.684086 6.745473 -7.880546 
343.384823 -28.287691 -6.723321 -0.125612 -15.210369 5.783523 -9.030541 10.072295 -6.743703 8.870779 -11.307374 4.312030 -9.789239 
336.622815 -21.076364 -5.221319 3.543130 -7.357901 2.546959 -8.321974 8.609809 -6.419302 7.921135 -6.874307 9.009944 -7.450659 
335.598981 -24.472494 -4.097272 5.745290 -6.739324 2.524721 -8.977536 9.406874 -7.898472 6.714374 -7.936175 7.190100 -9.938051 
332.436905 -23.670039 1.330753 10.344290 0.347295 14.556598 -4.110712 10.340171 -6.706671 8.893706 -6.477567 9.702700 -5.013227 
327.368218 -30.349788 -7.930649 -1.901733 -9.027637 4.239707 -9.423205 7.237106 -12.633341 2.510448 -12.214149 1.150259 -13.873281 
