378,274952 -27,663565 -10,315870 -0,595542 -13,073107 6,581189 -10,392225 5,640905 -8,657607 13,479400 -4,468853 8,313279 -11,671443 
397,732427 -18,530922 -2,383610 5,562911 -8,486223 13,255936 -4,656106 11,177595 -4,635639 14,144613 -3,091289 12,176565 -7,971881 
407,184280 -23,816783 -3,588080 4,579972 -14,075373 4,500904 -11,824968 12,089422 -4,126623 16,223260 -8,671872 6,210373 -8,053582 
419,726236 -21,051459 -2,321672 6,343866 -12,890280 6,890720 -9,571674 17,093101 -4,809398 15,457606 -6,212859 9,058416 -5,978411 
408,592589 -24,595608 -2,548493 1,101122 -16,397762 3,455933 -14,589780 13,597404 -8,263776 12,925161 -7,320717 5,152228 -11,989007 
404,412634 -22,115824 -0,863199 -0,731238 -16,464102 2,014547 -13,949153 9,000292 -8,074585 12,865376 -7,169565 8,986931 -10,142481 
405,302457 -22,603230 -0,107397 2,675911 -15,652854 5,003175 -9,959996 10,384682 -4,580078 15,423780 -6,054348 7,559338 -12,000803 
414,651992 -17,586971 6,300811 7,352292 -9,983365 13,602061 -5,569415 14,194847 -4,000759 19,877865 -2,559758 13,675495 -4,643850 
413,684539 -22,662441 -0,470332 4,524301 -13,798640 8,017674 -10,300210 11,298284 -5,292157 16,261662 -7,677535 9,806730 -9,590583 
418,320372 -14,118471 2,962199 10,438274 -7,713994 12,317153 -3,882496 14,800130 -1,696432 16,236410 -4,996846 14,838007 -5,127604 
397,152831 -28,728543 0,387901 4,918220 -17,961502 3,219529 -11,431633 9,320196 -3,857015 14,090784 -8,237123 8,194539 -13,194336 
409,094479 -23,819106 1,313567 4,880333 -14,693371 10,094066 -5,724229 13,311765 -3,260692 13,491601 -7,480607 11,076421 -8,393712 
396,723295 -30,064474 -2,508638 1,142318 -17,311735 -0,563653 -10,744121 9,789519 -8,882630 12,295431 -9,470911 7,913571 -15,426173 
405,112867 -24,791839 0,131081 3,115302 -13,090770 7,708663 -7,049357 15,152562 -3,846774 14,262134 -6,991044 11,578852 -10,045948 
400,867637 -27,500300 -3,452308 2,610100 -13,952756 3,447034 -13,795985 10,925446 -3,028123 16,305120 -5,861501 12,894528 -10,956651 
412,151172 -27,436523 -5,454516 3,865548 -18,928281 2,959664 -11,168956 10,462302 -4,052127 14,390857 -7,109669 8,791128 -13,163540 
402,312255 -33,371235 -7,037125 2,934022 -22,072278 0,257495 -12,303265 10,232922 -4,198485 14,915891 -8,042091 8,241812 -12,940189 
402,139340 -21,503216 -0,192325 6,652884 -11,706769 7,849683 -8,071194 13,889060 -1,442512 18,911797 -4,037675 13,930693 -6,625510 
385,764947 -20,745486 2,916293 4,559528 -13,142037 10,262086 -6,794963 11,675013 -3,466025 15,409319 -4,814806 8,848821 -6,745988 
383,905610 -17,557782 6,398410 7,330632 -7,879591 9,909571 -8,165855 15,795699 -0,894310 15,113052 -4,521194 11,599178 -3,403217 
371,618601 -20,202977 7,286087 4,161505 -14,424667 7,487597 -9,516127 9,886922 -7,566552 11,602413 -7,662624 8,448500 -6,483488 
370,023117 -18,284469 6,811806 7,435472 -12,482612 10,150338 -3,250593 12,265339 -6,434220 14,111231 -4,930464 10,889423 -5,366811 
365,452345 -22,463469 2,538464 4,054796 -15,164381 3,919164 -9,819462 9,714699 -8,110478 10,821817 -7,689819 8,882309 -7,761881 
358,613400 -19,365907 8,251652 10,603363 -10,536851 6,477114 -6,241776 8,973122 -6,863947 12,098582 -5,600905 12,434370 -5,877861 
350,540189 -26,033126 4,803783 5,208765 -13,979934 3,523468 -10,749047 5,393273 -8,954067 6,954917 -9,331542 9,405257 -9,400495 
350,462214 -21,170550 6,593611 6,299894 -7,486455 7,028693 -10,427862 8,398306 -6,588104 9,570984 -5,220884 9,803159 -8,996734 
340,417665 -23,874589 2,286942 6,272334 -3,139329 6,467681 -12,463400 3,574093 -13,390571 8,581235 -7,083961 8,875692 -7,577993 
349,337139 -19,895227 7,225182 14,031028 0,990369 9,607206 -5,990101 11,652439 -7,617873 13,870561 -3,587209 12,168654 -4,836283 
329,450422 -32,580696 -1,256103 10,860120 -8,879884 1,345250 -12,382595 6,490031 -13,291804 3,966614 -15,150286 2,771495 -12,364232 
342,644037 -21,768792 5,688274 18,095710 2,426715 11,583594 -5,002235 12,690298 -5,398952 10,544134 -5,523423 11,075449 -3,967353 
329,572578 -25,526798 1,473000 12,763027 -2,266233 10,917786 -6,139943 9,225417 -6,490588 7,966985 -9,913981 2,326060 -9,445052 
327,871665 -22,665854 5,383382 18,303567 -2,189389 14,415070 -3,656340 10,681805 -4,127049 14,361456 -4,951842 7,856311 -5,275356 
312,295634 -37,599327 -4,868171 11,005318 -6,139045 13,742489 -4,492884 7,331004 -12,252691 2,901755 -15,340442 -0,387674 -14,702049 
311,831211 -23,519590 5,333110 13,960016 -4,579852 14,926851 -2,972772 11,280221 -5,823411 8,708498 -3,196297 10,609208 -6,691478 
