355,403672 -25,915025 4,140081 9,852400 -13,146786 3,879943 -8,754431 7,524426 -7,677634 12,511947 -5,344394 13,073365 -1,452040 
362,673460 -20,768335 5,706410 12,754667 -9,305883 4,732260 -7,718645 11,373533 -5,744536 10,285867 -6,453634 10,642012 -5,076760 
364,952577 -23,089479 2,491916 7,070831 -11,564327 0,615080 -11,972255 7,491540 -9,875327 9,629092 -8,051156 10,903046 -9,398832 
379,229894 -21,541675 4,268073 7,903190 -9,937278 3,755476 -12,267090 5,224474 -11,531583 11,671604 -7,848239 12,626955 -8,466418 
382,195119 -22,450680 6,467199 9,200548 -11,186662 5,135957 -8,951598 7,015489 -10,121265 12,089712 -8,286724 12,400903 -6,361544 
390,550593 -17,562004 12,583672 14,929969 -8,811809 9,703355 -6,229478 10,846296 -5,665658 12,111779 -3,669491 14,237812 -4,596944 
377,997308 -29,414018 2,036931 8,162888 -15,617158 0,306717 -12,695192 5,218797 -11,899264 7,789243 -7,903124 11,559504 -9,556282 
383,875660 -20,533345 11,190975 16,649717 -5,733934 10,921043 -4,753786 11,162501 -4,344928 14,134918 -3,532247 16,075338 -3,393280 
372,067191 -25,768091 6,046168 8,630101 -10,096514 1,808124 -12,925481 6,504051 -8,048266 11,095157 -5,911239 11,875464 -5,950243 
376,868135 -20,731088 8,158494 9,826644 -9,920169 4,844184 -10,270250 11,031224 -5,770578 10,528864 -5,949552 10,777628 -5,940370 
379,054574 -24,417585 3,760372 8,625677 -11,079304 2,468166 -12,319308 5,773937 -9,892581 11,072836 -6,501606 11,352153 -7,715394 
383,677713 -22,202667 4,800549 6,227384 -12,132380 1,209886 -10,929586 8,617978 -10,049801 12,483113 -9,204110 11,224585 -9,254685 
375,571250 -26,910981 4,645656 6,470035 -14,579663 1,455321 -16,758657 6,876773 -10,920387 9,608266 -12,372190 8,200620 -9,415055 
383,132198 -21,799144 5,928686 12,652300 -9,150825 6,827227 -9,905338 9,205457 -6,718476 14,488576 -4,315796 12,955565 -3,202649 
377,492176 -24,694107 4,229163 10,857279 -12,526894 2,763366 -11,412981 7,778398 -7,556232 12,641139 -5,207253 11,089912 -7,319213 
383,532509 -20,419168 8,227200 14,683730 -8,847987 4,988857 -9,976276 9,612170 -7,372099 12,917273 -2,375357 15,430283 -3,655057 
380,654428 -25,668679 1,658408 9,109295 -11,186616 4,851387 -13,933591 5,450631 -10,380845 11,354570 -4,836641 10,513429 -7,586401 
388,718174 -18,339270 8,975239 11,571709 -6,974158 9,356557 -9,791193 10,100000 -6,048141 14,819887 -3,358652 12,623707 -6,095217 
380,405266 -28,102002 3,894425 9,620023 -11,860757 3,087440 -12,015758 6,819370 -9,362836 12,932527 -4,529463 12,732516 -7,401516 
395,115364 -17,123131 9,617740 13,292411 -7,268176 7,410479 -8,864289 11,036574 -4,500167 16,154868 -1,874050 13,465229 -5,970307 
380,412699 -26,068637 3,747402 7,438488 -15,021393 1,867277 -13,159886 3,174285 -13,155326 10,529248 -5,118846 10,660927 -10,170271 
390,201828 -20,958691 5,436023 11,314033 -10,638226 7,450897 -7,387269 11,734088 -6,743282 13,902666 -2,434034 14,166088 -5,635915 
383,702005 -27,886341 5,704051 11,601604 -12,102692 1,313644 -15,445280 3,692985 -12,324122 12,817557 -3,842813 14,302810 -8,458887 
387,169967 -27,651914 0,564939 6,005923 -13,531358 -0,072422 -18,281000 4,316728 -11,300575 10,261942 -7,719243 13,570723 -6,274612 
387,906656 -23,437703 2,888448 8,683940 -7,903967 6,444860 -17,787837 3,888512 -10,888473 12,485483 -5,189368 15,520661 -4,086684 
386,667531 -21,007378 5,024367 8,236516 -9,405668 7,298478 -17,991296 5,122344 -10,176452 12,363613 -4,905083 15,247659 -7,286987 
367,491785 -26,130297 6,751859 9,307362 -10,704828 5,429986 -16,504208 3,883394 -9,850360 11,320365 -3,960861 14,967456 -5,286489 
370,514390 -23,856662 7,843175 12,124182 -10,481778 5,431948 -10,735652 7,035730 -2,614207 16,017704 0,333891 16,367844 -3,539323 
369,784630 -27,601508 6,128441 15,042995 -9,027827 2,285387 -12,814168 2,633967 -9,043358 12,983371 -2,163492 14,265091 -4,880265 
378,440100 -21,723320 7,108714 14,361436 -9,604575 1,958552 -9,605716 8,214840 -9,236395 11,205585 -2,299575 14,041913 -5,088750 
364,153003 -29,177801 3,419250 13,787621 -9,260460 -1,803889 -19,797561 2,762271 -10,180647 8,015350 -8,082122 7,981850 -6,205112 
374,211573 -21,479068 4,145472 12,579796 -6,600342 6,756522 -14,008315 7,138832 -5,229108 13,563017 -3,835952 13,213552 -1,851822 
365,673995 -27,243123 5,755471 13,293327 -6,304914 6,983049 -17,651445 -1,181772 -10,353141 12,405648 -4,490109 16,708715 -2,345395 
370,102590 -19,220654 8,728334 13,381200 -3,997847 10,197769 -9,830315 6,046997 -5,121448 14,659419 -3,599261 17,309756 -5,015314 
350,024037 -26,727602 3,083446 9,830795 -7,364412 2,157102 -14,665589 0,380015 -11,285794 5,775962 -6,217845 14,064092 -6,808074 
355,594669 -17,682120 14,783177 15,047494 -5,366963 4,630246 -9,748832 8,195527 -2,805648 12,900061 -4,155915 15,825780 -2,234842 
342,768238 -22,809081 11,044623 8,540296 -11,857873 2,211750 -12,236627 1,154901 -8,685263 8,893547 -8,614293 12,673459 -7,179281 
339,034653 -19,508551 10,883917 15,103677 -5,342761 5,061187 -7,588946 8,301570 -3,475143 10,175341 -4,257545 13,651550 -6,499784 
339,767769 -23,434797 2,086242 8,075941 -7,049562 1,338166 -12,760612 4,208386 -9,775626 6,109414 -8,487097 9,663766 -8,360034 
344,128215 -16,507728 7,212855 9,979378 -2,783228 7,573176 -4,480868 11,822369 -5,053818 12,260089 -4,364653 15,027183 -3,182940 
325,539143 -23,053586 3,563474 11,544335 -1,081379 4,271112 -9,942369 9,102932 -7,855723 8,627665 -6,849171 11,829643 -6,718940 
336,083822 -19,746806 3,826555 17,100162 -0,137970 9,729627 -5,084925 11,190869 -5,118517 10,210426 -5,460228 12,122312 -4,897122 
333,769814 -25,953292 0,634485 14,965116 0,287771 7,419159 -9,859040 4,315694 -7,298258 10,394719 -8,302084 8,989716 -7,447271 
327,836972 -26,413492 4,589431 17,804667 7,067639 12,172972 -6,892875 6,304666 -8,970067 11,604890 -7,563716 9,829103 -4,956021 
314,213364 -30,495988 3,405143 12,840330 -1,848791 10,968876 -8,488162 8,077111 -9,771254 4,699193 -10,574169 4,699727 -9,868546 
316,460855 -22,215766 8,299240 18,935429 -0,204258 15,520112 -3,905246 11,448493 -2,336238 9,591884 -5,386343 10,297271 -2,369924 
302,517885 -29,427580 1,285675 15,151661 -5,342007 9,141723 -6,402322 8,915282 -7,469776 2,858607 -10,596616 9,013070 -4,932138 
292,925203 -23,119160 -1,828125 15,330692 -3,901314 11,170533 -3,744973 12,710551 -5,630418 3,825405 -7,135017 9,185785 -2,349923 
274,357960 -25,476996 -7,463035 9,906417 -2,173900 8,454403 -7,759316 5,097463 -9,916039 3,118579 -6,811072 7,339641 -6,285829 
