335.454217 -32.494388 -16.315262 0.700632 -5.874958 5.190360 -13.645024 1.290133 -7.187443 9.627294 -7.852160 8.948918 -2.058319 
391.474927 -26.400035 -9.284798 4.241541 -0.280837 16.155512 -13.669171 5.612606 -2.991709 13.176240 -9.861654 9.215352 -3.420342 
392.334913 -34.609514 -14.877976 0.383782 -3.821095 16.919583 -13.641944 2.508429 -10.709328 6.173217 -16.359575 5.932846 -5.599877 
388.137960 -24.220904 -6.138535 1.108901 -9.009178 14.975406 -7.052572 7.570560 -7.709409 13.106323 -7.779736 11.903337 -4.271522 
380.954982 -20.842479 -4.721115 1.020974 -3.399298 15.252494 -6.193247 8.942024 -8.222446 11.764114 -7.291944 11.972093 -6.883745 
393.635280 -15.381634 -0.814579 6.908372 -2.323480 17.911439 -0.625397 13.838190 -5.241403 15.577505 -5.452172 10.632708 -7.955329 
382.998352 -24.861335 -9.874677 -1.901817 -11.074189 9.590518 -8.296106 1.784890 -12.840173 8.683317 -12.069288 8.423980 -7.957664 
401.974694 -17.640015 -3.625956 9.731185 -5.262669 16.349521 -1.730295 9.409275 -2.203649 14.732988 -6.394510 16.191773 -6.007016 
394.742996 -28.162031 -11.473530 4.264821 -8.515610 14.873735 -8.065317 5.154398 -6.578167 11.681386 -8.503987 11.864708 -9.270029 
403.314875 -23.021499 -7.384006 1.047378 -1.848074 17.548948 -7.289675 13.885636 -4.426900 15.545449 -4.903073 10.152379 -7.332903 
402.168705 -27.333913 -10.811088 -2.193120 -5.079605 14.688836 -8.449631 8.200933 -6.286995 15.373856 -9.222854 7.061154 -7.561569 
406.775470 -25.499295 -9.002933 2.639364 -0.104468 17.924779 -6.655541 7.487987 -5.923549 16.800227 -5.858670 12.141631 -5.139970 
416.192317 -25.864111 -7.789915 2.938164 -1.480236 19.132257 -6.113638 9.695087 -7.218232 17.106477 -6.854038 10.124959 -4.213830 
424.435081 -22.114082 -5.250320 6.962594 0.889119 21.370302 -4.756924 10.712220 -5.089376 18.146999 -4.812705 11.520937 -1.136882 
406.099033 -32.300847 -15.034524 -1.201145 -8.559602 12.692651 -11.356603 3.430380 -8.607133 12.056582 -9.622660 5.625791 -9.650195 
415.981413 -20.514750 -5.245990 6.759907 -0.921113 19.630389 -6.726426 7.955378 -6.431418 15.486210 -5.851490 10.003701 -5.094460 
400.072227 -28.860170 -9.975571 4.584496 -0.509547 19.982307 -3.415466 11.669112 -6.331154 14.885861 -8.351529 3.781259 -10.564453 
395.831726 -26.119957 -9.691699 4.416606 -1.367013 15.681959 -6.105261 8.232469 -6.653480 16.072702 -5.066535 11.008964 -7.485781 
390.585533 -32.019715 -12.086888 -4.302427 -11.102052 12.972184 -13.112146 1.485196 -12.586332 11.179322 -9.274345 7.217372 -11.427990 
397.674213 -26.607169 -8.008367 0.934821 -4.232640 19.637837 -7.337611 8.264029 -6.512991 17.404187 -4.262826 11.508716 -5.169936 
388.808476 -27.905128 -8.232382 -3.285641 -6.679053 14.977613 -9.379946 5.621153 -13.199902 14.089292 -7.811534 7.782680 -6.551347 
391.036318 -21.790316 -2.900806 -0.778386 -7.165781 13.540273 -8.796537 9.254441 -9.648077 11.833526 -10.713343 8.607422 -6.009119 
378.499483 -21.187388 -3.758688 -0.402261 -11.163565 8.856776 -6.070113 6.470351 -8.789212 9.025265 -10.813434 9.745699 -8.078634 
367.456755 -27.887749 -6.363265 -2.055490 -14.070010 7.147271 -10.456962 5.242027 -9.600803 7.450956 -13.288136 6.195068 -9.303158 
373.937474 -28.236968 -6.214920 -1.808316 -11.879655 8.968963 -9.680541 10.039850 -8.877726 7.846201 -9.607544 7.517461 -7.719560 
379.924526 -22.505047 -1.229487 0.678097 -11.801786 9.906793 -9.078445 11.098209 -7.725682 9.511641 -6.997985 9.198018 -5.494701 
367.844267 -22.397430 0.478414 0.379040 -14.958441 8.378850 -9.700549 10.343316 -7.056046 9.181035 -10.513068 6.370088 -5.641271 
366.887525 -20.558638 3.874233 3.058608 -13.031219 7.426845 -4.464473 14.366589 -6.496022 10.011018 -8.325248 9.100437 -5.326506 
365.723277 -24.961448 0.110986 -1.567601 -17.213726 6.518599 -7.950239 9.194304 -8.862405 8.109413 -9.106052 7.215404 -8.324071 
365.587954 -17.611116 3.256395 5.871106 -9.351753 11.590670 -2.391577 11.437846 -2.464529 11.890183 -4.764370 11.887151 -5.187336 
350.452864 -25.832035 0.263323 -0.973881 -14.408570 0.715026 -8.501508 8.374719 -8.479488 5.161588 -11.118677 8.586754 -8.094958 
363.848275 -17.433924 10.047696 10.964497 -3.549385 11.145410 -4.012160 15.481561 -2.175499 11.652956 -4.651098 13.309963 -4.502181 
338.188931 -34.368513 -8.193674 -1.186989 -17.874168 -2.390037 -20.079965 2.256629 -14.882793 2.472699 -12.576943 5.860599 -9.579138 
344.678075 -14.537647 11.286047 11.169563 -4.311207 11.135087 -2.320696 11.031688 -2.899534 12.865975 -4.409596 14.077257 -3.987295 
326.630216 -24.276010 7.491617 4.594939 -12.501762 4.660256 -9.607231 2.967373 -10.025209 5.472820 -10.012248 8.246751 -7.642150 
336.187029 -23.691599 6.271806 15.897008 0.808136 13.048399 -5.029169 10.876303 -5.001324 6.906597 -10.143754 10.995919 -2.924081 
335.451961 -29.224637 0.873338 10.861648 -3.351018 7.201216 -10.022910 6.624846 -8.774577 5.245986 -13.684106 5.484956 -10.395474 
330.680561 -26.427986 8.841495 16.898011 1.168707 13.303973 -3.148576 9.135222 -7.248155 10.725099 -7.268884 10.382923 -6.523459 
315.000306 -30.725020 3.542072 12.390935 -5.147770 11.417161 -4.753364 7.575776 -9.255374 6.419415 -11.188724 7.745736 -6.633599 
302.620476 -28.175145 -0.178285 8.563422 -7.658404 8.457404 -8.151690 5.532187 -12.790570 3.241801 -12.045849 6.127827 -7.299840 
