327,376869 -22,790304 4,833846 5,565065 -14,644174 3,379202 -9,610340 10,979804 -4,104525 7,229349 -7,015531 9,069649 -4,841575 
374,441718 -24,990334 -2,524526 0,666611 -18,963401 1,442165 -10,722809 9,399516 -5,027121 10,860695 -9,945738 6,562110 -11,045453 
380,904296 -30,696298 -4,023535 -1,881845 -21,961269 -1,208375 -13,123030 9,549967 -8,050366 9,600761 -11,802930 5,449358 -11,058086 
383,912252 -25,845289 1,640227 0,269117 -16,143847 0,707540 -8,938556 13,790797 -4,956175 15,021734 -8,727379 9,184510 -7,234321 
386,011777 -24,075905 1,560275 0,456239 -13,230523 2,022027 -7,410854 14,257496 -5,060195 14,244818 -7,572407 12,578653 -7,193416 
390,307572 -25,376411 -4,571703 -0,043052 -16,861497 0,549875 -10,911345 11,616774 -7,350937 15,014825 -6,469076 8,656021 -8,044988 
396,099748 -22,182236 -1,808938 7,117631 -10,793263 2,523054 -9,165072 16,287543 -2,771238 17,364358 -5,586167 8,176663 -5,588605 
390,324587 -26,420060 -0,571393 4,988048 -14,589272 0,486049 -10,491464 15,266920 -1,116512 15,328935 -5,373106 11,675207 -5,459359 
399,240251 -22,688661 1,114652 8,367268 -14,402700 5,222005 -6,208135 11,302632 -4,973160 13,659222 -3,948230 12,706713 -10,333869 
404,105651 -21,125158 1,346824 6,318295 -13,440615 5,259249 -7,071022 12,312047 -6,363596 13,461521 -5,635317 13,282653 -10,815830 
395,348490 -24,496446 1,512629 0,947559 -15,672992 4,262740 -9,895730 14,154238 -8,318386 10,744488 -6,180414 11,573451 -9,845758 
401,818175 -21,059406 2,062600 4,489188 -14,720096 5,351040 -7,883284 17,656078 -2,591668 13,481846 -3,066998 14,978259 -5,767823 
394,740375 -26,244296 -2,607627 3,237951 -14,920573 2,649134 -11,433514 10,381882 -5,534066 14,602938 -6,843480 10,039907 -12,651552 
413,813584 -19,598249 2,205002 4,908927 -15,661155 7,741792 -2,789746 13,213632 -3,882463 17,216174 -5,912290 15,638066 -8,788344 
414,793573 -23,243167 -1,294710 4,252810 -18,205557 4,072727 -6,939431 11,512476 -5,022099 15,312647 -7,095522 11,617579 -12,030661 
420,602476 -15,391147 1,904241 8,554846 -11,181790 9,650309 -4,934364 13,543675 -2,969866 17,946289 -3,817013 9,417348 -7,773860 
411,504432 -25,953272 -6,351708 1,966124 -12,307584 6,979969 -10,781174 12,439791 -2,856221 18,460294 -7,772509 6,035414 -10,362241 
414,779802 -17,479771 -1,338823 6,152238 -7,062110 13,306599 -5,954881 15,814154 -0,163453 20,331763 -3,658647 11,133371 -6,212236 
388,396427 -28,427050 -5,970863 -1,172779 -17,971504 -1,448963 -13,023203 9,556704 -4,451028 12,991694 -11,431849 6,472814 -10,130864 
385,312532 -25,635354 -0,938383 0,612080 -17,952592 -0,840358 -11,084838 9,497992 -6,285700 9,981907 -10,750844 10,531781 -8,048109 
378,898920 -24,508855 -0,593775 3,762407 -16,931063 0,786163 -10,698768 11,732140 -3,950330 9,456453 -9,279846 10,549922 -5,633634 
380,233370 -22,892437 2,526656 5,577571 -12,723077 1,017184 -10,139523 13,319493 -4,596137 9,129622 -9,480782 11,086985 -5,365621 
377,646075 -24,756817 0,931344 2,544599 -14,331601 -0,276973 -11,589951 9,051715 -7,693259 6,033516 -12,572157 9,702545 -8,202448 
380,521043 -17,750749 8,608755 12,659274 -7,950378 7,389232 -5,015640 15,063110 -0,948412 13,191893 -7,234054 15,280989 -3,613770 
371,223058 -27,811772 0,051457 4,706538 -16,011773 1,231927 -13,333015 9,854480 -8,394678 7,352185 -11,906886 11,979718 -8,799239 
380,294523 -17,316800 4,902499 12,146690 -1,744789 9,398337 -7,210731 18,176160 -1,982645 12,267230 -5,610562 14,979278 -3,929309 
355,249051 -26,338224 -2,227639 9,481523 -8,704507 -4,467586 -16,159543 10,607805 -5,258891 4,970440 -12,207733 7,544483 -8,724934 
363,762437 -19,366738 5,344087 8,117203 -3,127417 2,097531 -9,742208 14,188018 -3,768257 12,163160 -5,871361 13,616616 -6,494645 
358,059317 -23,073016 3,155990 5,106669 -5,823846 -0,657730 -15,235928 9,766516 -4,427851 9,223586 -10,304992 9,450848 -10,846778 
357,286324 -20,080280 7,523008 14,492268 -3,866426 7,730100 -10,096993 12,348530 0,577656 14,651951 -6,311543 11,832928 -5,433148 
348,018567 -26,437668 6,394953 12,590505 -8,101918 0,781092 -15,477936 9,629828 -3,910507 12,926676 -9,289287 7,830481 -8,908107 
342,289026 -25,211369 6,626859 8,613248 -11,190041 2,117254 -11,404189 6,220567 -10,275033 9,742874 -4,554984 10,793186 -10,285542 
341,330673 -25,690758 1,580708 8,298725 -13,595456 0,821061 -11,307195 4,804948 -9,918275 8,218972 -7,929216 9,097644 -8,271495 
338,489874 -21,463342 5,161345 13,693469 -8,668560 2,812029 -6,540565 9,436449 -7,287773 9,169807 -6,885170 12,172794 -5,665079 
327,128641 -25,208140 2,263826 5,983467 -9,837984 3,225009 -11,355852 8,600373 -9,346769 5,156998 -6,718872 8,017209 -9,604106 
332,120323 -19,867643 10,612320 12,054368 -2,114236 8,545339 -10,682444 12,833708 -3,382488 10,436249 -3,850022 10,959681 -5,617777 
315,337653 -28,544697 4,941844 9,818195 -5,227339 5,528953 -13,212274 5,417165 -10,388148 4,071748 -9,880683 6,544701 -9,329300 
314,111460 -23,071278 10,292992 17,147556 -2,457255 9,687905 -2,647009 12,793008 -7,142796 8,924631 -4,114838 11,532064 -4,477282 
303,570652 -30,861873 6,327719 13,781848 -4,654526 5,962875 -7,380892 8,544270 -10,601214 3,190828 -10,029183 4,609129 -10,559416 
300,272796 -25,516103 7,247872 14,656404 -2,960193 8,672970 -2,865555 9,680552 -6,695461 6,368431 -7,171577 5,209217 -8,562182 
