340.637184 -29.771171 9.122169 17.542065 5.438139 20.317388 2.463829 20.189405 0.936684 18.921496 -0.077794 13.998268 -1.176620 
343.259129 -21.767936 13.880025 17.318087 1.794020 19.144624 -0.823445 15.210460 -1.520247 16.485964 -2.178625 11.179560 -3.236363 
308.884442 -27.185408 9.839197 17.135039 5.656676 18.264214 5.946903 21.317311 -0.161471 16.100006 1.187041 17.515378 -5.326479 
321.509648 -24.302880 9.460211 16.749329 4.242007 15.159267 0.165314 14.862405 -4.164767 12.506522 -2.091312 15.883507 -3.274627 
379.943098 -16.995685 -0.885796 3.785656 -8.101074 12.966068 -10.647445 8.869204 -2.786655 10.101845 -3.630597 16.496081 -3.400611 
408.376290 -20.117028 3.955587 13.207897 -2.683608 16.080543 -2.120638 16.800739 -2.299160 19.981937 0.246166 20.790863 0.903001 
393.998657 -27.605089 1.991833 12.616959 -2.113340 15.645494 -0.039652 18.317177 -3.457082 19.412299 -2.625851 16.278846 -3.038900 
450.536451 -1.899159 9.607647 12.773208 -3.051025 14.632073 -4.980778 16.895831 -1.197831 16.258317 -3.320518 14.106459 -3.575797 
471.938490 -9.692773 5.222700 11.379453 -5.016598 16.209396 -5.874350 15.023692 -6.722537 14.775121 -5.327966 14.347816 -5.351446 
477.391626 -12.136826 -0.527815 11.006910 -1.544791 20.520882 -1.920795 17.960414 -6.200457 13.299762 -9.900537 11.743393 -5.394195 
474.191042 -9.515641 -2.099480 9.981698 -4.082020 17.673555 -4.195350 15.186610 -6.164411 14.878408 -9.205928 11.092545 -2.265828 
477.133315 -8.473712 -2.078427 10.828033 -4.989680 15.844597 -3.781547 16.109910 -7.825215 11.348726 -9.836491 11.721021 -6.628074 
473.047774 -12.400448 -0.419806 11.189061 -3.333307 17.436222 2.009474 22.796321 -4.221286 9.754533 -12.086062 15.495458 -5.120824 
476.829236 -9.051704 -0.455443 12.144623 -0.272940 18.436604 3.589595 23.604500 -1.480744 13.811674 -9.748702 16.582348 -4.080586 
477.626099 -11.929669 -5.909567 11.367470 -1.124885 20.497885 2.274019 18.970064 -6.616042 10.299348 -11.446884 15.334489 -2.249013 
488.249850 -7.649417 -0.993820 10.641030 -3.917520 17.889764 0.297839 19.190150 -4.407783 14.761764 -6.598346 18.853206 -3.272928 
482.213304 -11.147755 -3.024312 11.404570 -1.459735 19.633092 3.656114 23.150551 -1.691412 14.155189 -9.417796 18.313144 -2.186381 
482.419127 -4.213864 -3.063851 10.270024 -1.658826 18.839766 1.348442 21.275393 -0.342390 18.359044 -5.179088 17.656122 -3.246408 
458.701848 -20.207746 -8.234711 2.937841 -5.454488 18.790788 1.058884 16.305120 -4.230401 16.050121 -9.574686 9.575985 -13.443030 
455.043931 -16.222804 -1.578160 6.964522 -3.550990 20.327158 3.885442 20.769477 -1.464537 18.192351 -4.697184 16.611745 -5.228897 
425.559716 -21.351497 -0.013187 6.419820 -3.587341 22.947547 2.795242 16.900111 -6.595953 12.181659 -9.306566 12.303494 -3.541791 
406.215794 -22.850999 -6.415428 -0.345166 -7.540061 16.033774 -0.354552 12.294220 -5.338551 15.566039 -5.457074 13.766313 -2.774777 
388.080511 -21.465128 -1.320508 8.123250 1.965007 24.153208 7.028555 21.469519 1.563202 17.318012 -4.696807 12.760935 -6.673019 
395.359756 -18.662740 1.100128 8.686982 -1.297633 20.685395 3.088676 19.620704 1.940663 17.138861 -3.529032 14.047304 -4.655344 
374.769919 -25.883318 -2.536107 5.715263 -1.815946 24.465566 6.331876 19.351243 0.880321 15.745740 -4.828831 11.863800 -3.095200 
364.005141 -20.038190 3.476842 3.672699 -7.707241 17.766916 0.708497 12.321798 -5.102418 14.726851 -3.237278 11.691158 -2.957320 
356.135461 -23.299585 -0.224138 5.518031 4.842919 27.742271 11.204473 26.878168 1.963713 13.141726 -5.650312 11.105524 -9.530059 
366.137826 -19.589993 0.783097 5.207280 1.780523 20.031197 0.661851 20.501471 -0.996269 13.744743 -7.054470 9.939856 -6.195056 
358.590262 -25.822245 0.016694 7.379242 4.319192 24.841060 3.675734 16.571610 -2.436958 18.595089 -2.600379 14.463662 -0.115397 
357.214667 -16.843895 3.475676 8.592838 3.176458 18.448474 1.586524 14.828012 -1.591178 18.517452 -3.120482 12.852033 -4.142071 
338.475967 -21.591677 -0.313025 8.171491 1.000229 19.315858 5.643225 18.392512 -2.158230 11.105742 -6.832704 12.474669 -2.481534 
333.407101 -22.771408 -3.321816 5.075509 -3.711774 15.489876 3.214273 17.174184 0.729217 13.193568 -3.571627 11.998695 -2.786996 
330.127962 -24.352466 3.559778 10.047215 5.272906 17.913491 6.026271 20.279575 2.365847 16.068297 -6.056983 9.848485 -4.682941 
