415.019204 -30.904449 -8.562352 4.558501 -10.325996 8.007292 -9.677076 16.610648 0.754967 17.769332 -8.731915 6.653187 -8.777309 
391.893884 -30.415618 -10.504258 1.927149 -5.778134 13.614761 -10.328256 17.465865 0.005698 13.474857 -9.888835 6.928557 -7.350982 
375.044676 -38.681857 -17.187521 0.621721 -4.363210 12.940112 -14.211773 9.468539 0.128603 14.285085 -7.116574 10.063025 -3.161351 
391.109445 -29.846070 -10.198398 9.233042 1.669374 13.392862 -12.162351 11.813831 -0.420259 14.258082 -5.939815 10.854559 -4.489819 
373.136778 -35.571500 -15.386587 9.032144 1.731215 13.723756 -7.533289 15.767402 0.137927 12.810081 -3.468253 11.586943 -6.249128 
369.393895 -25.411496 -11.982500 7.948873 -0.143788 16.293505 -5.211435 14.504513 -4.880772 9.393712 -4.584576 11.615423 -5.481247 
330.904070 -43.348517 -16.600597 7.580735 -0.274526 11.028213 -14.372172 5.080539 -7.011630 9.398056 -7.284228 6.121238 -6.550089 
335.941488 -38.490068 -19.136648 3.884732 -1.985620 9.204938 -13.961217 5.750563 -7.123928 7.791032 -6.672713 6.421415 -7.156593 
334.534709 -34.876213 -12.287877 8.597356 6.574468 13.449139 -10.718013 9.025182 -7.966903 7.614757 -7.964509 7.146419 -7.534262 
333.713050 -32.618739 -9.981241 7.433368 0.822693 11.835329 -5.856123 11.601539 -8.231430 6.444013 -11.015783 7.074394 -5.829626 
329.139695 -29.002038 -8.972749 8.494955 -1.618490 11.129990 -0.727300 12.420670 -5.408336 8.351387 -8.578379 5.687257 -9.083000 
327.662708 -27.343008 -10.830307 6.959692 -0.865143 9.880407 -5.140963 9.373223 -6.890229 6.022204 -8.660719 8.113381 -5.855460 
313.853675 -30.334560 -10.194500 6.572218 -1.646788 8.984179 -8.452904 7.118447 -6.214235 6.812237 -11.207560 7.012055 -5.876601 
310.419016 -27.256767 -7.033884 7.722132 0.691571 11.391229 -6.306909 7.372406 -3.994266 14.002672 -3.973847 11.821776 -1.410598 
