321.972095 -27.437287 -1.727747 5.603168 -3.587739 10.510677 -6.713385 7.971542 -8.543386 9.250310 -6.470800 11.872957 -6.203904 
328.995537 -20.559332 -1.981250 5.924587 -2.804822 12.603158 -1.903891 10.476257 -4.469976 10.736702 -5.318216 11.749511 -4.958910 
316.693468 -29.418196 -12.541015 -0.273782 -3.611699 12.079528 -3.148902 7.735460 -11.945349 6.784113 -9.373533 6.339139 -7.764069 
360.145513 -20.381682 -5.183146 1.789248 -9.730511 16.843089 -3.355509 10.176422 -5.076841 14.364332 -4.444251 10.181797 -6.054232 
353.652702 -34.363746 -18.356368 -4.214374 -8.280391 13.960604 -8.418400 9.270316 -6.668955 7.988686 -8.879867 10.845915 -6.083033 
354.224316 -22.870004 -11.316892 3.085444 1.260637 14.260261 -6.399874 10.989032 -4.042730 10.324616 -5.122074 14.933478 -1.347188 
336.232972 -34.820711 -19.552763 -1.736420 -1.082688 10.958910 -10.136546 6.231714 -9.150674 6.304353 -8.609486 9.168132 -9.354488 
330.287194 -34.248353 -17.034715 2.471122 2.695180 13.990227 -8.909915 6.743021 -7.427337 10.530510 -5.550642 11.775261 -5.322290 
348.501957 -26.874520 -3.233997 -0.041136 -10.014772 6.096188 -11.930195 2.682500 -12.912100 10.607285 -7.810857 8.149961 -6.662201 
391.601669 -20.119913 5.996246 5.356018 -9.750438 3.957624 -11.813444 12.546052 -8.366912 12.986278 -6.679947 9.970875 -6.066168 
390.803545 -29.994297 -0.216423 3.367112 -15.784033 -1.656173 -16.023431 10.013692 -9.568263 9.328158 -8.651508 8.916095 -9.550467 
407.804470 -22.041570 -0.213418 7.047222 -10.482122 5.440679 -11.459616 14.497074 -3.727459 13.392327 -5.592157 10.224262 -8.268429 
402.389204 -29.063703 -7.950299 1.498557 -15.791169 2.438493 -14.001909 10.313789 -6.142009 13.314142 -6.242341 8.057117 -9.960297 
400.617440 -19.176242 -1.244237 4.526450 -12.038730 9.794269 -3.370136 14.473293 -1.530765 15.497980 -2.718095 12.567446 -6.223877 
388.319159 -22.224280 -3.976421 1.844438 -11.473271 6.376091 -7.476167 8.327340 -6.354398 14.224883 -6.439632 8.530573 -9.690594 
402.385480 -14.596925 2.915521 8.940805 -7.054975 11.973296 -3.136574 14.590050 -2.906868 16.873010 -4.327437 10.342954 -6.322877 
388.375508 -25.682701 -3.690550 2.966352 -12.610508 5.479879 -12.897259 6.891340 -10.360055 10.727244 -9.590821 1.420808 -13.252070 
386.692145 -19.904852 -0.929765 13.052365 1.068305 18.859391 -2.070104 11.429242 -4.834767 14.068113 -6.832388 13.823494 -2.422733 
350.683240 -25.116911 -6.956801 4.726026 -8.251062 10.225633 -8.802871 3.567752 -12.520924 7.233351 -8.516998 4.984038 -10.373619 
343.128903 -17.294251 1.692711 9.538448 0.986798 13.896663 -5.485322 12.152570 -3.612964 11.175217 -3.679924 9.877873 -4.254762 
324.149343 -28.534181 0.002592 4.998468 -2.402035 12.280515 -11.602149 3.962945 -8.966577 3.887548 -14.448684 1.766987 -11.350102 
