366.811459 -25.458332 -8.443233 3.041085 -7.875336 7.612863 -11.230369 5.330178 -1.560280 17.074677 -6.285854 8.658185 -6.330521 
385.242971 -27.389164 -12.303329 0.020887 -8.605486 9.176304 -11.972400 8.646924 0.482863 16.278956 -6.748878 6.877511 -8.853474 
389.354030 -30.877020 -15.151794 -3.520498 -12.947803 4.745602 -20.142821 2.973758 -3.615675 14.351137 -8.926475 3.989040 -9.429076 
394.099861 -29.268165 -12.601789 -4.676806 -12.332658 8.560019 -15.334154 4.337032 -3.409971 17.986256 -8.921716 4.591503 -10.309824 
387.227212 -33.994803 -11.741820 -5.805111 -11.908151 7.114723 -16.508599 5.011033 -4.683898 18.367503 -9.058292 3.933501 -12.372860 
402.332792 -29.484994 -11.773781 1.022880 -6.126235 8.305715 -15.899430 12.923128 1.144893 19.886148 -3.198703 9.475937 -9.484982 
401.116756 -33.032313 -15.538446 -0.726561 -9.680237 4.350989 -18.387785 9.324450 -1.203353 14.591363 -8.725566 7.650437 -9.728526 
405.999861 -28.651719 -9.099686 0.993290 -7.167937 10.378512 -14.104330 11.934683 1.671420 19.681549 -7.436044 8.920461 -5.864097 
407.764990 -32.714392 -12.624195 -0.493748 -8.369139 11.348193 -15.381814 9.209261 -2.711583 19.028636 -8.738572 4.540600 -8.126655 
410.951957 -28.132345 -10.435201 5.503530 -3.699730 14.813659 -8.806874 14.610291 1.538565 20.147261 -4.511129 10.221305 -4.010683 
407.330343 -29.527377 -12.614888 6.232689 -5.510470 7.900743 -13.467260 10.554536 1.355390 18.303863 -8.915304 7.008695 -6.819352 
414.076199 -24.597425 -10.724227 3.641316 -4.202923 10.756208 -12.287647 10.071118 -2.084436 17.723243 -8.229657 8.218979 -5.916527 
409.467011 -29.899303 -9.759179 5.831671 -3.231553 9.917590 -14.011661 9.007134 -1.166219 21.398680 -7.531994 4.153313 -10.959116 
425.334158 -19.000202 -3.819982 9.910252 0.458579 15.559460 -8.974537 11.447187 -3.127525 18.486333 -6.088710 12.338646 -4.579167 
401.669237 -31.530997 -11.425841 1.426784 -8.743632 9.841683 -14.137627 6.858949 -0.740473 17.920576 -10.214614 6.036799 -9.084814 
419.154517 -16.479705 -1.801182 9.605517 -1.760535 14.207847 -7.399374 11.337852 0.985987 20.371590 -5.631278 10.788032 -4.354402 
397.137110 -33.287144 -13.013239 0.170418 -11.742622 3.368605 -18.097368 4.483820 -2.763530 16.626875 -13.839527 1.829064 -9.642438 
407.563836 -24.481873 -9.016532 8.752856 -1.089496 11.875359 -12.718005 9.708159 0.058327 18.539527 -7.632164 9.431722 -5.294128 
400.122289 -28.550984 -9.391462 4.673765 -3.315695 10.583872 -13.919244 10.750818 1.779178 20.142147 -7.308706 8.094577 -6.334055 
386.977329 -38.385523 -18.315901 -5.335712 -12.057816 0.830652 -21.238789 0.756616 -11.036198 7.117777 -17.228906 -1.443555 -14.921630 
385.731764 -31.334156 -11.876710 1.584486 -10.159570 2.808877 -14.937458 4.578097 -4.402291 15.921118 -11.125631 0.925754 -10.191209 
387.102635 -29.667983 -16.219367 0.997947 -6.765906 6.375674 -11.155701 7.669135 -4.041073 14.109140 -10.092009 7.347112 -6.900183 
385.044336 -27.368474 -10.008658 3.420428 -7.284182 9.160642 -13.406969 8.087975 -0.613258 13.283148 -9.824831 6.304558 -7.156921 
385.272858 -30.086380 -9.977382 3.135448 -5.052536 11.309038 -12.427789 8.582442 -0.099980 16.900159 -8.755141 5.857628 -7.941166 
386.395207 -29.400719 -9.590711 1.620779 -3.751846 9.768151 -13.808648 8.375554 3.019219 20.269137 -8.565183 7.551079 -6.359640 
399.366095 -24.480253 -6.340428 8.922995 -2.447345 12.840968 -10.699849 9.874683 2.997260 20.334324 -5.952202 7.427407 -6.096294 
392.911396 -30.204053 -10.625821 5.679928 -5.399739 11.658556 -11.778373 8.467493 0.701423 19.849651 -6.497881 7.970912 -7.325835 
388.981562 -30.306910 -12.391442 3.006003 -4.923620 10.429284 -10.391474 10.889942 2.122053 21.809553 -5.734389 10.570869 -6.472622 
380.751673 -30.837159 -11.339669 3.942904 -6.368101 9.731764 -13.331734 10.815592 1.131896 19.648159 -6.081787 6.857457 -8.230128 
391.792548 -32.752511 -16.933893 -2.645283 -8.760775 9.726255 -11.305678 10.440070 1.330990 21.456588 -5.878665 8.301329 -4.587966 
391.756065 -33.354032 -16.087934 -2.866247 -10.150841 6.954792 -13.826895 6.883142 -0.337209 21.568190 -6.854898 8.986556 -3.635456 
392.306029 -23.607964 -4.807065 1.368571 -7.041771 11.207770 -10.289292 12.266328 4.881947 22.688602 -6.766612 10.468566 -4.604632 
382.678129 -28.582527 -8.020292 -2.100242 -10.963193 6.465498 -15.016582 8.366062 0.926605 20.199938 -8.777890 9.011783 -3.948324 
389.744101 -20.200020 -4.880843 2.314614 -5.708364 13.751622 -8.917001 9.677552 -2.435560 17.673281 -6.447476 7.831531 -7.421634 
387.207740 -28.896269 -12.780130 -1.260126 -10.302760 5.939722 -16.972377 6.275887 -0.199583 19.335369 -7.903492 5.404899 -10.582189 
394.887603 -28.252540 -11.977860 -0.311128 -7.653173 11.905662 -9.735613 11.031172 0.903063 23.160868 -4.168386 10.397937 -6.715091 
381.203447 -30.839975 -7.758841 1.899337 -8.765735 7.066238 -13.003472 9.599391 0.430601 21.802268 -9.082468 4.773924 -9.043756 
379.855258 -23.065652 -3.814157 5.106531 -5.842611 8.915141 -13.578961 7.400570 1.386716 20.388540 -6.690421 7.219695 -6.912587 
375.408097 -29.711335 -9.352626 2.785435 -9.019697 4.285201 -16.977549 6.197843 -0.449271 18.958906 -7.687466 3.585670 -12.438896 
376.171982 -25.002553 -8.191883 3.172921 -5.043580 9.401346 -7.375709 13.121229 0.350493 18.584113 -6.070713 6.809042 -7.990888 
368.523227 -25.516105 -7.620144 1.934104 -7.194080 6.707279 -13.341407 8.524902 -2.718103 15.422119 -7.684749 4.936991 -10.980146 
375.421267 -20.296754 -5.353906 5.751144 -1.792740 11.632165 -9.951445 10.121128 -2.302614 17.056240 -6.063035 10.417729 -5.621599 
368.384362 -26.389279 -8.461697 0.451706 -5.341425 8.376076 -12.558148 6.461581 -4.262609 16.604788 -8.713402 5.512499 -9.782804 
372.621888 -26.837135 -9.031345 2.285109 -5.309247 10.869382 -9.929167 7.710965 -1.771747 16.554334 -6.927491 9.577097 -7.540736 
360.859336 -31.780099 -11.908708 1.093507 -11.231271 2.069243 -18.136195 1.807319 -3.701260 12.686683 -12.321528 6.381631 -7.780201 
377.224935 -13.714148 1.299350 7.866199 0.156983 14.432676 -7.908935 9.167872 0.587942 18.798963 -6.836162 11.432946 -2.238698 
359.387509 -30.956867 -10.635026 -3.106552 -11.545048 1.296776 -20.424902 -0.020117 -8.219548 10.119408 -16.023841 0.929449 -10.001570 
373.727568 -16.947359 2.167214 8.446363 1.259363 16.136450 -4.688803 11.178181 -3.021293 17.897258 -5.079861 10.034469 -3.639855 
363.867873 -24.405523 -5.635384 3.147665 -2.152463 10.911910 -11.741596 5.104843 -7.365731 14.981837 -8.069730 10.234925 -3.201221 
371.957189 -21.821902 -5.604030 4.883631 0.081414 12.838749 -9.222937 9.381386 -2.325360 14.351954 -9.128331 11.617817 -3.407587 
364.760989 -27.363735 -7.851049 3.477219 -5.673134 5.519708 -14.803318 5.712239 -4.864416 11.479637 -13.135658 5.807279 -7.610903 
370.137123 -19.144129 -1.722501 11.811416 0.892292 15.048863 -5.487273 11.404329 -2.232747 17.813777 -5.702983 11.296546 -1.554309 
366.466199 -22.200396 -3.439990 7.041173 -4.676262 9.352273 -10.899393 7.278628 -4.290216 13.088181 -9.851725 5.987167 -6.625834 
373.874594 -15.119359 2.072263 9.735444 -0.334147 15.266299 -4.913984 10.772418 -1.371995 15.909088 -3.295340 13.032498 -2.588237 
364.944512 -24.593220 -6.897477 5.242971 -4.544371 8.932845 -13.158206 5.060631 -3.958812 14.267075 -8.243423 7.068547 -8.016941 
384.128298 -17.491789 -3.356040 7.779853 0.847647 18.007429 -8.303800 9.873044 1.571600 17.390872 -6.462908 10.876566 -4.552146 
375.474563 -24.460889 -4.796438 7.413171 -0.682294 13.713264 -12.255848 8.023028 0.050404 14.923405 -9.632882 7.343645 -6.938064 
371.173008 -21.074179 -5.192802 10.374615 -1.123209 12.344358 -6.290850 11.528434 1.522743 20.187411 -1.731269 13.904553 -0.976495 
357.457581 -21.257813 -5.978644 8.753394 -1.181579 10.935644 -8.009036 6.274369 -1.932558 14.703986 -10.411438 6.781609 -6.779636 
354.668579 -21.284542 0.247048 8.610747 -2.696987 12.558546 -9.859268 8.544094 0.652992 17.137416 -6.643945 8.913364 -4.537152 
350.249634 -25.529088 -3.125570 3.632840 -5.848837 12.459864 -10.372794 7.974050 -3.014416 14.255530 -9.903182 4.319535 -8.060378 
345.124024 -23.593812 -3.543142 5.678838 1.124876 13.691892 -8.684137 11.937017 -4.085329 12.244918 -7.370300 8.811575 -3.875683 
341.471177 -27.023934 -5.572470 7.502022 1.547745 10.745664 -13.484039 6.799747 -2.011215 14.110494 -8.443983 6.086692 -7.247461 
334.474015 -30.206158 -10.319021 5.936166 1.653225 15.122392 -5.095195 9.229587 -0.112699 13.994939 -8.645717 6.786489 -6.034450 
325.272630 -32.183749 -11.870186 4.903195 3.839029 13.765535 -9.031454 4.078333 -6.838823 6.342616 -13.571677 5.115352 -7.966336 
