265,993930 -40,812543 -4,075471 20,671942 2,305814 9,256196 1,623916 9,163391 -6,558467 10,978351 -8,693164 1,219262 -6,598496 
282,142619 -45,401353 -14,476604 14,451022 -2,045460 4,773124 0,829892 11,395433 -4,758910 12,332843 -9,155972 3,797633 -3,776362 
283,230936 -47,853790 -16,891322 9,675831 -7,969980 -1,980847 -5,974567 10,077585 -8,953656 10,497964 -10,168537 3,221709 -2,897273 
318,839486 -37,030311 -7,192313 16,575581 -1,727558 9,106821 1,285003 11,423654 -10,040134 11,675157 -4,905414 7,804230 -0,112524 
324,063370 -51,188498 -13,075365 12,166958 -6,565944 9,429070 2,130646 10,714680 -10,467852 15,199329 -2,523974 10,617036 -2,221065 
342,700765 -42,452962 -7,407185 11,699679 -10,111891 7,353731 -1,176528 9,753983 -12,324210 12,228193 -4,872197 7,532027 -4,244089 
348,337900 -46,005207 -6,787266 15,552920 -6,774004 9,630604 -0,581186 12,514275 -10,804990 16,311133 -3,771882 6,934124 -3,817185 
389,114071 -29,278707 -3,802931 13,721613 -7,722224 6,387434 -1,617653 14,516235 -7,766116 18,738622 -2,885656 10,248796 -0,075593 
372,665913 -40,752285 -3,954955 19,425872 -2,830784 9,266227 1,082319 14,175643 -10,621281 13,208324 -6,397465 9,686385 -1,432187 
388,923028 -26,029417 -1,654757 15,973367 -3,881498 11,039676 -0,906494 15,228855 -8,354329 16,811687 -3,087086 11,517872 -1,470702 
359,518169 -49,446986 -12,244492 17,257324 -4,900400 7,452829 -1,385962 14,021758 -11,800476 12,765124 -8,929658 9,371528 -1,491971 
377,605607 -44,072843 -7,246647 21,755982 -5,657296 9,125796 0,509638 14,615230 -11,474797 14,774514 -5,422336 12,751733 -0,140090 
372,914530 -48,417761 -8,284825 17,574417 -11,357075 7,139010 -1,961738 12,674283 -16,015724 13,509555 -6,472889 7,845791 -4,212098 
364,172898 -47,519566 -7,872936 17,686033 -8,059669 7,790502 -0,598546 16,512608 -11,250809 15,506799 -5,353496 7,883885 -4,710337 
355,968453 -48,266270 -9,279479 17,681757 -2,866219 8,905861 -0,471048 18,873287 -8,455792 14,759709 -5,423423 10,059569 -1,184717 
361,015471 -43,240681 -6,885957 18,863627 -1,273099 9,703084 -2,276564 19,558651 -5,829627 17,363460 -5,171848 8,172261 -2,529166 
342,911984 -50,912708 -12,475404 15,256583 -2,993656 7,888411 -4,177225 13,249107 -11,792416 11,790167 -10,614441 6,253328 -1,190288 
340,952977 -44,489776 -10,490315 18,318162 -4,120881 8,559654 -2,067153 12,724456 -7,524267 15,405756 -5,984460 6,899286 -4,600654 
330,242090 -48,890412 -13,689075 16,148590 -6,678616 5,158319 -4,989738 8,682829 -10,788842 15,696900 -6,607711 5,877963 -5,699919 
327,635351 -45,555527 -13,829967 14,197011 -4,298007 5,409763 -1,743733 9,669230 -12,294080 10,773774 -9,829506 6,262290 -5,656713 
306,919866 -50,464243 -13,499523 13,729992 -5,194418 3,058934 -5,185249 7,387845 -13,273006 6,967339 -11,850782 3,549739 -5,496334 
302,805052 -41,764708 -7,723919 17,140352 -2,602882 7,683202 -2,522480 7,567990 -7,786121 14,186816 -7,317928 5,372587 -3,254311 
284,734130 -41,855444 -7,898529 14,094005 -1,360395 4,116583 -2,523791 12,817822 -5,597066 14,448982 -3,430122 5,091853 -5,492819 
277,667537 -33,197524 -6,062708 12,591125 -3,828384 2,150567 -5,911905 10,673358 -5,704770 13,460196 -4,665398 3,346044 -5,982803 
254,897905 -38,046271 -0,638052 18,310687 -1,095693 2,849590 -3,527578 7,928191 -7,744468 10,098300 -4,454157 6,195314 -5,432842 
262,995250 -37,758314 0,032781 17,013232 -2,357836 5,000431 0,152227 7,018037 -11,667271 11,236755 -3,092976 4,162845 -7,604006 
252,035339 -39,782270 -0,464742 16,804232 -2,828727 5,790145 0,810664 3,897597 -15,030588 9,552885 -4,053843 4,559223 -5,245475 
255,666839 -31,866918 -2,626776 11,800723 -2,559037 7,094109 0,147308 8,409535 -7,971941 9,259382 -3,193556 9,384574 -2,708642 
