318.922922 -29.172977 0.084662 8.362215 -2.147996 10.640161 -7.736421 10.272162 -11.973267 5.479305 -6.487609 7.575050 -6.809603 
321.567048 -35.603890 -0.708492 5.377907 -3.266767 15.058087 -4.424945 15.703407 -10.183324 8.621978 -3.176326 9.699243 -4.699215 
317.180387 -46.752571 -3.248121 1.616607 -5.420611 10.964429 -13.924289 6.895738 -18.356473 2.190772 -11.241542 2.526013 -10.603016 
349.486753 -39.321603 3.712904 6.593045 -4.849113 14.986866 -12.333671 11.146159 -9.642894 10.894706 -7.218491 10.838034 -8.514889 
352.164734 -47.049933 -1.988360 7.155533 -3.881751 17.331050 -7.230911 15.551698 -8.382552 14.123787 -6.541574 10.214165 -7.631689 
359.966406 -38.414292 0.634818 9.322245 -4.861909 13.195734 -9.025907 15.666800 -9.751581 13.977277 -4.421301 10.247530 -4.907278 
343.333880 -53.175817 -6.019972 6.773540 -6.487856 11.437288 -10.523021 13.565380 -11.912466 8.166593 -7.186530 8.594844 -8.036378 
350.480359 -51.776922 -6.302088 7.326159 -4.545736 14.480296 -6.802006 14.100177 -9.588806 12.513927 -8.136129 9.231222 -6.827178 
353.753583 -46.474659 -1.183583 10.064227 2.005050 22.252688 -2.523853 19.140964 -5.912075 14.725196 -8.697232 11.563551 -2.700947 
353.196987 -48.044893 1.991896 8.711334 -1.185270 16.537685 -5.436826 16.501888 -8.789719 11.724566 -8.754876 12.590531 -4.362281 
360.404217 -46.930089 2.765817 8.560315 -3.301826 15.607466 -5.008711 15.105213 -11.271386 15.821089 -7.133812 9.698562 -9.388132 
364.164507 -47.877064 -0.346442 7.634454 -3.187273 17.359188 -4.674624 17.304413 -8.774544 17.670669 -5.722055 11.231136 -6.048259 
356.891399 -51.920306 -2.167420 6.684837 -3.422068 18.676834 -4.168139 14.708328 -9.375078 14.572866 -6.672923 8.437516 -10.330770 
359.499445 -47.295401 -0.261115 4.861378 -7.536792 16.361919 -5.794681 12.913272 -11.455407 11.976605 -6.446850 7.680144 -9.156827 
362.167250 -46.319191 -0.774830 4.138182 -6.203646 16.788603 -8.568997 12.363031 -12.346928 11.384053 -8.672137 7.852393 -8.014478 
365.887700 -47.208404 -0.815017 8.490544 -0.248661 18.877193 -10.009585 14.376368 -10.001419 12.103252 -5.680882 15.934699 -1.737947 
364.883863 -48.039500 -3.886379 4.717077 -4.661657 15.625890 -11.583975 15.467840 -7.675385 11.857146 -6.465185 13.613017 -2.863835 
367.022138 -43.076449 -2.488906 6.777917 -4.001508 14.157579 -9.907595 15.273651 -6.033729 14.498038 -5.434872 12.255255 -2.955850 
358.073635 -48.654492 -3.456430 5.030950 -4.967278 15.954971 -7.537508 15.381355 -8.531052 15.885764 -7.624965 11.122304 -5.082758 
358.992526 -46.419867 -0.117006 7.544219 -0.141873 22.011780 -5.545390 14.329424 -10.023867 16.455688 -5.191978 13.752034 -2.781056 
350.024121 -51.488881 -3.668191 1.360768 -3.943876 16.964920 -9.434491 13.421580 -11.368384 13.546469 -6.025266 10.118707 -9.183814 
357.500359 -51.431242 -5.993812 1.599894 -6.524236 15.510647 -9.934128 15.285896 -8.960086 14.860057 -4.484408 13.039926 -3.321839 
356.020915 -51.750117 -5.875819 3.672235 -3.128786 18.637063 -9.706478 13.598037 -10.430735 12.223324 -6.381020 13.949577 -2.402515 
373.844263 -33.827970 5.690865 9.633302 -1.827308 14.046458 -9.395907 17.469619 -5.836004 14.950208 -4.090125 15.986658 -3.979889 
358.472379 -45.528343 1.691547 9.695148 -1.270117 15.256472 -8.723959 18.982689 -6.843804 15.191208 -3.618185 14.841406 -3.290855 
374.233089 -34.223039 5.929524 12.769938 -0.505978 17.473924 -6.592635 18.659268 -6.746619 16.258559 -4.358972 14.039078 -1.258102 
351.180800 -48.254608 -2.639558 5.011880 -5.782969 14.451517 -11.287274 15.606391 -4.003565 16.908648 -7.345698 9.983421 -4.386229 
354.110606 -46.454472 -0.301494 3.940401 -8.579275 13.838377 -10.720123 12.548524 -10.795286 12.296106 -7.027118 11.720623 -6.185117 
353.543065 -45.205490 3.097904 10.559137 -2.289132 15.973734 -5.353602 15.936266 -13.618174 9.816241 -9.105059 11.770122 -5.350563 
384.178601 -27.932565 7.946521 10.486346 -4.672793 16.708957 -7.757613 18.246210 -6.801781 16.028905 -2.498162 13.842567 -2.454798 
355.906270 -48.675049 0.413017 9.424436 -2.618572 17.797625 -7.808235 19.503053 -4.826534 17.082783 -5.227149 10.432625 -4.984609 
382.386984 -26.436232 4.038900 9.337873 -2.723684 17.467935 -6.170488 17.344818 -6.755377 16.448010 -4.146615 14.034492 -1.708668 
345.464122 -51.449587 -6.365602 1.026395 -6.206451 17.495004 -8.301311 16.745407 -4.213153 13.529672 -10.621887 8.742733 -4.456735 
351.826615 -43.713789 2.117419 8.228510 -2.443578 17.922604 -7.957797 16.025097 -3.674251 14.112221 -7.954195 9.451315 -5.835755 
354.821198 -43.929771 0.635141 7.265491 -5.124943 15.338079 -9.285909 18.719302 -3.716108 14.998538 -9.657615 5.261006 -7.004610 
357.167254 -43.182525 1.369192 8.375531 -3.156893 15.886984 -8.276732 17.784278 -6.202648 13.927730 -8.476666 9.836086 -6.231883 
347.303895 -46.004236 -0.459168 6.271213 -0.319762 17.644490 -8.087117 14.766743 -11.364973 10.170663 -9.797374 8.804661 -9.274143 
350.031608 -43.997535 0.749164 6.953172 -1.595775 20.060263 -8.225078 13.207939 -9.780425 12.679271 -7.193028 10.063098 -5.737680 
346.300527 -44.880608 0.714202 10.235612 1.643970 24.244187 -5.346493 16.548784 -5.000504 12.240869 -10.253013 7.821966 -7.093404 
352.065696 -41.049555 2.377364 8.788240 -3.285462 18.143018 -13.299276 15.693614 -5.472354 12.244317 -4.929436 12.512491 -3.351508 
348.211504 -42.021203 4.899825 12.025420 -2.757072 18.002841 -10.654034 17.876258 -8.214500 11.060630 -3.704055 11.045765 -3.874074 
338.416311 -45.749476 -2.073000 8.234888 -3.823679 15.657369 -14.057662 9.487819 -12.882715 9.112975 -6.937877 9.607136 -2.529368 
341.397772 -44.300256 -1.675154 9.525124 -1.181730 20.239627 -10.705448 13.087166 -9.833452 11.199019 -6.696658 7.692768 -4.449602 
340.649898 -45.947879 -3.104035 8.015486 -3.740258 18.209169 -11.065085 14.575952 -8.708606 14.177122 -2.843070 10.629832 -4.291023 
338.159826 -45.363647 -0.314748 10.377508 -2.310759 17.445297 -10.453283 11.520494 -10.624796 8.430082 -5.410488 13.696074 -1.862943 
329.083333 -50.243632 -4.843425 3.400678 -7.812858 12.851106 -13.712704 8.957316 -11.157377 7.414400 -7.668763 10.282306 -3.813375 
327.376638 -51.392892 -2.092523 8.652504 -2.588376 17.832572 -10.951136 12.573119 -9.808358 10.627637 -4.730398 9.445535 -4.806002 
327.538514 -49.651414 -0.948065 9.543457 -5.256535 15.674438 -13.700721 8.362352 -10.242710 10.775940 -3.614338 10.261983 -5.149956 
327.279985 -45.781913 -3.353978 9.766011 -1.234516 20.734955 -6.474605 13.108645 -7.853992 10.428648 -3.060986 11.454836 -2.568137 
326.458960 -42.268664 -4.498175 7.274653 -2.506531 15.302982 -8.031375 14.361881 -6.918154 12.478567 -2.310592 8.933479 -3.637732 
324.783414 -38.603560 -1.848573 6.545019 -4.529330 12.200820 -9.879601 12.461533 -5.936833 14.813317 -3.534644 8.826149 -4.441350 
326.327149 -31.555641 -0.814036 7.169814 -1.613438 15.406157 -8.612353 13.389601 -6.834277 15.168369 -0.296402 12.320987 -2.350836 
310.829519 -37.087034 -6.466861 7.387517 1.553997 17.611788 -5.470307 9.820577 -12.242486 6.572973 -5.116956 6.807447 -5.160258 
323.080274 -25.960849 -5.223218 5.511536 -4.421420 10.530939 -6.456919 6.830197 -11.630903 6.601960 -6.502016 7.980549 -4.602911 
