239,004322 -36,976426 9,363789 12,509189 -1,432877 12,448450 -4,122299 7,234975 -15,493117 3,529669 -5,858232 4,321458 -4,258767 
272,295460 -39,936836 1,876894 13,678724 -3,592862 5,713098 -8,237857 11,222424 -9,884669 6,246409 -4,016562 5,891910 -2,237686 
279,488221 -47,479911 -3,667557 11,503052 -8,894552 2,489439 -12,096422 10,099591 -9,458350 9,232105 -5,363511 3,522590 -5,842129 
285,835844 -43,996743 -1,440784 12,137733 -4,084698 7,637471 -9,503224 11,812940 -6,126122 15,081599 -2,731471 7,045244 -2,646357 
281,032099 -46,385540 -5,695837 8,864935 -1,812175 11,661404 -6,176405 11,826608 -5,661652 11,985507 -7,710584 5,534126 -3,460034 
297,001488 -42,375203 -6,992865 4,969382 -7,854509 8,900685 -7,761044 12,521868 -4,955128 9,305767 -10,758406 1,667928 -6,166130 
300,820131 -41,610275 -5,848721 6,473810 -6,284459 8,952039 -9,557022 14,559142 -1,947974 10,979456 -7,761119 5,004661 -2,248820 
303,875572 -40,405880 -5,522510 9,702764 -7,036689 7,489213 -9,862043 12,373237 -3,210107 14,550921 -4,739988 6,796992 -2,019194 
305,521488 -40,351650 -7,086912 8,026953 -6,956463 11,135273 -6,083028 10,838106 -7,270111 9,286189 -10,674430 2,296220 -5,065895 
321,674881 -34,473733 -3,585429 9,361061 -7,302303 11,472759 -7,379224 13,349019 -5,260372 9,990984 -7,577216 5,799094 -3,609295 
320,554365 -45,033557 -10,670579 7,989006 -5,272979 11,334850 -3,030973 14,250943 -6,790074 13,544765 -7,004265 6,704514 -0,027058 
331,638104 -40,866300 -5,321445 11,406198 -3,445034 9,478003 -4,685486 15,618794 -4,729050 16,642397 -5,263795 6,153100 0,815483 
321,253697 -48,951312 -12,074180 5,946318 -9,051647 4,645971 -11,445946 9,419747 -10,415796 10,176855 -6,651370 6,337452 0,232954 
323,890676 -37,467466 -5,433400 12,206513 -2,270475 10,866484 -5,554631 14,673405 -5,555635 10,759113 -6,025355 6,975977 -4,089145 
299,930884 -47,350090 -8,644755 8,454679 -3,343506 10,066064 -9,633300 11,444966 -1,550512 15,092783 -6,322054 6,030008 -4,818920 
298,678570 -41,961074 -10,474124 8,379341 0,248950 13,936038 -5,396528 12,130110 -1,877098 14,567964 -5,560805 6,587479 -3,315025 
286,720172 -41,645609 -11,528545 9,033350 2,884187 13,306059 -7,612847 8,695570 -6,662041 9,066023 -6,719287 3,357970 -7,433840 
278,906396 -34,631597 -5,491750 8,966228 0,317788 11,296880 -4,615363 9,788856 -4,572505 11,698590 -3,369144 9,531495 -2,479492 
265,383602 -36,589680 -7,353271 6,135549 -4,563256 8,611328 -6,708808 7,200153 -5,283582 6,730464 -7,143987 3,558583 -6,019098 
257,732009 -32,569376 -6,550990 6,292005 -3,507411 6,053190 -7,764779 9,566705 -1,974510 6,777120 -6,804293 4,209318 -5,808226 
244,392752 -33,454299 -7,174695 9,859132 0,319619 10,045649 -2,243084 11,866057 1,821836 7,598156 -9,413063 4,827955 -1,157673 
