413.312077 -48.300455 -2.859944 12.355066 -5.468877 19.523297 -9.648136 18.263178 -3.406547 13.889471 -6.911183 10.586380 -8.080226 
417.412346 -45.062782 0.293847 13.327463 -7.554699 17.969933 -8.957770 18.257743 -5.610582 13.595840 -2.869043 14.291353 -2.954204 
412.198234 -45.638627 -5.158573 10.990062 -8.125589 16.821138 -10.399353 17.513308 -4.181351 12.831679 -6.064555 5.741132 -5.715003 
398.076259 -46.308986 -6.005988 12.367228 -7.199212 17.081475 -10.379823 17.853973 -2.359576 14.299725 -3.508449 7.638916 -3.528956 
358.293713 -51.432173 -16.911511 6.072530 -11.648263 13.102984 -9.029352 8.033558 -8.787791 8.309655 -7.186099 7.515260 -6.892775 
371.287888 -34.658218 -6.251559 15.267625 -2.599673 15.960598 -3.960717 10.963136 -5.244708 11.616542 -4.233949 10.747394 -6.407851 
349.106052 -48.528940 -11.066715 13.230107 -4.653661 12.825307 -4.578981 10.658004 -6.429534 9.925693 -7.988515 8.381320 -7.627540 
337.167522 -47.496422 -12.477635 7.466029 -7.522825 11.207244 -7.641248 10.010001 -4.930921 9.953047 -7.450763 8.369811 -8.719966 
325.565436 -41.134231 -9.388824 8.518517 -4.423203 10.189996 -9.388927 13.003234 -1.276110 11.966506 -6.210600 8.511846 -4.978138 
324.061759 -35.941597 -8.055323 10.464419 1.499613 18.293642 -4.238187 12.534466 -6.429954 9.363414 -3.223451 11.487185 -4.761542 
318.361247 -38.611226 -9.315688 8.967802 0.333474 22.107053 -3.212877 10.302450 -9.902974 5.015051 -6.280346 6.169966 -8.121974 
317.285312 -36.982618 -8.702980 11.770843 0.310214 20.878251 -2.136806 11.715703 -7.499616 6.739624 -4.092758 8.143877 -2.551989 
315.029853 -37.465889 -8.950252 10.525660 -0.975919 15.255823 -5.396167 8.935849 -8.418981 7.582992 -7.181049 6.155565 -4.085096 
314.843709 -32.420683 -7.077168 8.695954 -3.261328 12.419907 -7.025218 9.873552 -6.831196 8.961522 -4.343237 8.866121 -3.707396 
313.869036 -31.043905 -7.407404 8.943778 -4.278482 13.156081 -5.809422 7.891875 -7.437783 8.000128 -7.650860 6.274550 -5.898948 
