377,164177 -27,420198 -14,499890 0,410262 -8,084350 10,227580 -6,577223 9,140817 -5,433154 9,550003 -12,655998 4,880964 -7,181068 
392,536616 -28,332942 -14,916680 -0,828881 -7,920595 11,313387 -4,536283 8,960086 -8,203147 8,198012 -12,258741 7,793168 -7,070559 
391,521222 -30,686379 -13,456637 -2,827560 -9,128324 10,906508 -4,725271 9,814928 -9,651343 6,760198 -14,659289 2,783578 -9,293867 
402,886422 -19,527490 -4,079084 3,299680 -2,640633 18,396823 -0,933723 15,016348 -2,342245 14,796773 -8,056445 10,029835 -2,569520 
397,255361 -26,369646 -8,427172 0,180766 -8,343980 9,264534 -5,293048 13,411245 -4,193595 9,918576 -15,301761 7,001289 -6,912533 
406,165080 -20,957775 -6,283857 2,991137 -4,560167 13,980030 -3,304628 15,176954 -1,883691 12,693903 -10,684717 10,465482 -4,794888 
393,311270 -24,548305 -9,339409 -0,387019 -10,019855 10,945878 -8,160201 11,420705 -2,825990 7,926726 -14,954224 6,373917 -3,601217 
396,598269 -19,334119 -8,553091 1,065202 -6,602084 11,687720 -6,106829 10,572088 -3,908946 11,872155 -11,678765 9,152491 -3,365431 
396,691130 -22,944324 -7,484064 4,155598 -7,866126 12,888028 -6,412262 12,515334 -2,063362 12,375246 -11,915810 7,952396 -3,595958 
392,197456 -27,731090 -10,324539 1,444518 -12,642086 10,078506 -9,334371 9,361742 -5,183663 10,325568 -11,590731 7,191359 -4,556686 
391,988608 -24,856997 -8,309857 -0,214390 -6,764184 13,633945 -5,705186 12,069296 -4,404010 11,687686 -10,632517 8,408405 -6,536921 
384,736049 -24,080833 -7,925872 -6,614996 -9,117730 10,372676 -8,411715 9,313340 -8,295769 11,119011 -11,771712 7,935746 -5,402040 
385,213434 -23,553326 -5,673590 -4,642499 -10,025498 12,280400 -9,168226 11,434117 -7,198644 9,461398 -12,951168 6,578613 -5,232143 
384,329308 -22,094994 -4,212687 -6,369398 -7,463435 14,078980 -12,754239 7,737431 -6,729607 8,685315 -11,303707 9,830673 -5,442125 
369,173007 -28,474351 -10,046625 -7,529563 -11,700502 8,672421 -11,927129 0,422496 -11,379979 8,392516 -15,629562 4,742051 -9,696832 
367,997136 -20,281934 -2,015849 8,070840 -5,132420 15,778804 -1,727118 12,029617 -1,381381 13,621650 -7,013305 11,565240 -1,538051 
356,989566 -23,632496 -1,163586 1,815442 -10,786458 9,961868 -6,633657 9,178412 -7,582844 6,089210 -10,865606 9,315140 -3,034149 
366,022465 -17,715472 3,233647 4,172284 -1,726575 12,714211 -3,607542 12,763691 -4,693750 13,472048 -8,776847 11,152555 -1,302926 
360,147690 -23,529117 -5,246049 1,795457 -3,254170 10,655478 -5,248477 6,524317 -11,923385 5,954461 -12,824871 8,353295 -4,598934 
370,904445 -19,034815 -4,094140 5,026315 -0,804493 15,806066 -5,124948 8,894475 -6,045202 13,156929 -8,444840 6,987463 -5,896954 
356,970088 -26,947807 -7,678587 1,266989 -2,763889 12,644223 -11,167830 2,376495 -10,044305 10,519981 -11,373253 5,539812 -7,097144 
346,800980 -20,487628 0,758982 7,544682 -0,572433 16,265211 -2,680207 7,723516 -4,281160 13,979058 -6,558287 8,906836 -2,507786 
330,728302 -32,191090 -6,345600 3,083813 -6,739852 12,293724 -9,028576 2,309949 -8,702700 6,053019 -15,188514 2,027833 -5,617800 
317,453679 -24,143377 1,540476 10,369067 -2,534756 16,753796 -3,231481 8,784222 -2,906398 6,638667 -9,470713 7,560215 -2,166128 
289,622960 -31,350204 -5,129767 7,998638 3,376121 15,134201 -5,462546 5,570545 -6,172127 8,649081 -10,215459 4,800112 -4,466036 
309,308890 -26,099957 -1,734327 10,582325 1,614203 15,330867 -6,835852 6,382911 -7,128292 8,866673 -9,579056 5,932901 -2,813463 
298,484971 -33,085358 -7,216020 6,603578 -0,542844 12,750777 -10,393996 2,771574 -10,969642 4,834285 -13,064610 3,821704 -4,911267 
299,927798 -20,432260 -1,585729 7,949014 5,886773 16,904687 -1,288249 9,020987 -1,687406 11,857369 -7,423014 7,469291 -3,271715 
290,357015 -34,395062 -9,241665 2,190712 1,688826 10,736969 -12,955506 -2,838841 -10,739203 3,307095 -16,010953 -0,814566 -12,811368 
287,859773 -30,228233 -1,973317 8,649372 8,790686 19,313865 -6,317839 3,878790 -5,136666 10,190810 -8,014459 5,853629 -5,109635 
