270,830841 -35,007769 2,058308 11,741428 -1,265723 2,029248 -11,966019 4,396149 -12,293713 2,815910 -11,640865 4,044574 -8,003366 
341,474944 -27,997075 9,301392 20,156276 2,705188 10,808226 -8,824774 7,245114 -12,927645 10,284167 -8,615193 10,159607 -4,501938 
345,785672 -36,435443 3,415006 15,963353 -1,691394 8,021603 -11,328266 3,940673 -16,465475 0,469108 -16,853248 5,946981 -9,167243 
357,361961 -28,445038 4,483365 13,647044 -5,197375 5,990542 -14,240662 3,475530 -12,461320 4,569679 -12,005197 8,855565 -10,079591 
355,760974 -32,969668 1,006846 12,080688 -5,687708 2,824009 -16,147267 3,790034 -11,947144 7,578480 -11,900227 8,210649 -10,492463 
368,303759 -25,037102 7,153902 18,037267 -3,101945 5,607547 -8,873977 8,558399 -9,530318 10,124424 -6,665800 13,639979 -6,622744 
363,445785 -32,001544 1,797520 14,088872 -6,166248 6,057275 -13,033460 2,654807 -14,577266 6,692607 -9,421106 8,522845 -9,404976 
374,474273 -23,987478 10,482942 15,820952 -3,317692 12,777710 -10,294401 7,852931 -10,953275 8,534759 -6,985388 9,948884 -6,335895 
370,416288 -26,110131 6,684406 13,046831 -2,622675 10,626450 -11,092209 8,863249 -10,481921 7,639986 -8,119707 9,226496 -8,392372 
379,063332 -19,013541 7,361803 14,283164 0,701327 9,322878 -10,532357 10,000111 -6,902164 10,353910 -7,573747 12,505154 -8,517181 
369,344087 -28,919030 3,838799 13,295940 -2,738719 6,051437 -14,105658 5,896270 -11,097262 6,073454 -9,356299 10,079611 -11,477592 
377,058675 -24,217418 10,636307 17,579082 -0,612999 8,506472 -8,996637 8,817794 -7,872818 10,258133 -5,876694 12,470496 -8,080372 
370,181357 -31,244539 4,291613 13,895830 -3,411657 5,042752 -12,808208 5,502636 -10,898662 9,031728 -9,654048 8,872888 -8,051753 
380,317089 -22,802844 7,883589 20,630846 1,290163 9,078593 -9,099053 10,625851 -6,722526 11,807182 -8,679578 9,907547 -6,496324 
379,077940 -26,876677 1,989454 12,909094 -3,171036 7,204343 -10,394333 8,088615 -11,498591 8,421787 -11,046615 8,354485 -8,351234 
384,970453 -19,930985 8,169572 15,657464 0,838768 13,225433 -7,361315 12,086559 -8,497135 9,434296 -6,104404 11,273521 -8,176842 
379,979126 -27,199625 2,563041 9,413298 -3,961127 11,895048 -12,282886 8,177496 -12,226896 2,786355 -11,861798 7,466677 -10,540241 
389,292792 -21,655311 10,960237 15,129159 -0,514597 16,709478 -8,257132 10,315045 -7,384304 10,830781 -6,656392 12,642182 -5,544472 
382,928052 -28,173602 8,041575 17,444763 -3,209289 9,771666 -11,891478 5,930335 -10,508977 9,204940 -5,619259 11,118944 -10,576154 
396,741392 -19,942503 9,696259 19,330161 -2,441962 10,701139 -8,326158 10,485907 -6,176458 13,441143 -5,827974 11,883932 -7,313598 
391,341256 -23,308273 5,301311 10,771298 -5,942598 10,412750 -8,901935 6,503789 -10,959984 12,206445 -10,012174 10,809719 -8,049995 
397,839305 -15,896535 8,864238 15,088875 -2,949414 14,968962 -3,482524 10,013598 -5,091906 16,230575 -5,624618 13,881643 -6,576773 
383,839603 -26,551574 2,563598 13,610804 -9,444175 8,335969 -11,558136 4,125395 -9,511966 10,607066 -10,789437 9,093201 -7,029512 
389,333822 -22,927430 5,774353 15,908201 -8,171535 10,254678 -6,786960 9,796808 -5,476574 12,078916 -10,485220 10,073571 -7,436232 
378,705202 -30,391976 2,165192 16,689296 -8,651234 1,994793 -12,416025 4,074955 -10,889562 11,100486 -10,481414 7,694350 -9,174253 
392,599964 -21,814023 6,143766 13,231411 -5,798334 8,110499 -4,993218 10,446902 -7,669616 14,526711 -8,094666 10,578730 -6,379388 
375,386853 -29,866112 3,061985 10,449021 -7,359642 3,783206 -13,052973 2,267829 -10,956530 9,506592 -13,469910 6,334480 -12,432740 
385,343888 -18,253391 11,829918 18,085180 -3,345222 9,644282 -6,724423 10,113229 -3,723693 12,827320 -8,927663 12,487821 -5,547658 
373,648393 -27,968510 -1,012079 6,353764 -8,001115 6,947697 -13,921106 -0,145249 -11,083317 4,997902 -14,035887 7,894913 -10,407195 
372,481596 -20,877346 5,463852 15,004516 0,394420 15,929075 -4,171596 10,042294 -3,067858 12,855706 -3,533720 13,123007 -6,879008 
361,238848 -31,614303 -0,250068 14,840517 -5,814699 5,338791 -15,014647 -0,096720 -12,956775 7,345617 -8,587855 9,825635 -7,936463 
362,055383 -23,314657 3,193482 18,636172 -4,810644 6,979408 -11,297328 6,292560 -8,190608 11,523013 -7,392723 10,174715 -5,298615 
340,203315 -23,303739 3,721628 6,910404 -8,089491 7,164820 -12,006721 1,991039 -8,905855 12,167671 -8,825292 9,241145 -8,472867 
347,735326 -19,901862 8,049656 15,115463 -1,259338 9,018730 -6,477061 10,262180 -5,619516 14,501430 -3,672779 13,780213 -4,469795 
340,010276 -31,455913 4,727846 14,684310 -7,362132 1,110322 -14,767220 3,440036 -13,308289 7,611466 -9,930170 8,606059 -8,655494 
364,517007 -22,121477 13,189520 21,351435 -0,444430 10,238360 -6,397996 11,625797 -4,354467 14,191323 -6,412754 12,084974 -3,696983 
358,031075 -27,059841 6,611364 15,447727 -3,187563 7,933684 -9,998310 5,049751 -11,729148 7,909478 -10,683340 6,739437 -9,481010 
353,122197 -19,927571 11,383254 18,187618 2,162095 15,498221 -3,092887 10,510255 -7,734021 12,531072 -2,452295 15,174944 -5,067237 
339,705418 -28,539127 5,016127 11,426923 -4,549088 10,153242 -9,254620 3,334955 -13,336333 4,529067 -11,451790 9,562093 -8,434314 
341,210172 -22,300643 9,218197 15,381521 2,701236 16,026244 -6,859606 7,105035 -3,457154 11,923601 -7,876903 10,952866 -4,826424 
330,248394 -25,778042 4,692120 12,191089 1,107954 12,585657 -11,588039 1,224036 -10,696213 5,633563 -9,918111 9,205519 -5,338831 
342,919363 -19,901506 7,517649 13,619525 -1,427955 16,449239 -2,556467 9,149210 -6,765931 7,903552 -8,142812 12,682996 -6,809107 
343,120844 -31,034625 3,875845 12,773885 -4,435549 9,810323 -7,135384 9,792535 -10,072586 2,969149 -11,283639 9,151317 -9,153016 
345,978299 -27,972074 7,097523 19,519467 4,161414 14,658935 -4,927777 12,879741 -5,056316 10,882809 -6,869363 9,762690 -5,449041 
324,410852 -36,297281 -3,180074 10,656618 -1,359348 13,663852 -6,351522 8,869612 -8,445113 4,829457 -14,945083 -0,823893 -12,560656 
315,473212 -25,724382 5,261313 14,278219 2,259545 13,309223 -6,755280 9,498229 -5,901604 7,361951 -8,386386 6,988160 -3,797935 
