338,131129 -27,569166 6,374564 6,251585 -14,189430 1,951649 -13,044390 8,693143 -9,871521 9,300600 -9,695963 7,771466 -9,945325 
364,836692 -19,855599 11,125872 17,650970 -2,398497 9,166938 -7,811939 10,425952 -4,042626 15,865881 -4,146671 12,497518 -4,678655 
359,426893 -25,384275 2,746493 12,624700 -9,790753 2,878396 -10,669581 3,530802 -6,118947 11,658607 -7,033883 9,346695 -9,083579 
370,704068 -16,822545 7,289021 15,435420 -5,992523 7,974821 -6,365108 9,618152 -4,684278 10,516294 -4,244074 13,340873 -5,026983 
359,127656 -30,734453 -6,495778 5,089690 -15,084175 -2,058420 -16,911748 1,391216 -13,531369 3,457712 -7,500188 8,974181 -8,669302 
373,849604 -20,763568 2,570061 15,127578 -7,623956 5,312495 -9,323988 9,234374 -7,774331 10,924042 -2,507332 10,941538 -9,343425 
371,956113 -26,983842 -3,091937 7,784641 -10,873216 2,813172 -13,779790 5,060402 -11,216857 9,950101 -7,158816 7,800152 -10,863273 
377,683421 -20,997290 5,518976 13,490332 -6,074146 7,661374 -9,059363 8,243943 -6,006775 13,709141 -6,226707 11,833433 -5,436832 
370,923636 -27,430016 4,963105 10,000671 -13,137794 1,189483 -12,628937 7,240670 -9,940106 10,834375 -7,902207 9,017609 -9,700942 
382,679635 -17,893767 12,727960 15,667877 -7,011520 8,345508 -4,773072 15,702604 -4,077779 16,302225 -2,714248 12,608470 -4,781639 
365,339480 -28,743286 5,427414 7,080605 -16,542576 -5,212913 -16,089999 9,961058 -9,575230 7,883794 -11,194338 6,907658 -8,250453 
386,651596 -18,918433 12,843608 13,098780 -7,164227 8,927424 -9,562867 13,617260 -2,458526 15,546023 -1,912893 15,145117 -6,925366 
390,765412 -24,545523 8,515481 10,321431 -10,975869 7,394968 -13,126000 8,133895 -5,310055 15,183305 -4,881743 13,319379 -7,502279 
415,307311 -16,250335 4,000569 7,647274 -7,093291 11,028127 -7,605429 11,232641 -3,263073 18,303898 -2,698848 14,890087 -6,506506 
414,436190 -21,830745 -4,715351 2,832399 -8,638401 10,559449 -11,677919 5,931603 -6,168882 18,231736 -2,518058 15,024889 -6,510001 
419,272341 -17,938954 -2,252742 6,345118 -8,744447 10,325174 -8,057461 12,637612 -3,820852 17,377238 -2,905151 14,797583 -6,758047 
399,797924 -27,843888 -6,484277 0,246061 -18,458662 0,530460 -12,572960 8,275885 -10,012312 11,390651 -9,641618 9,534980 -9,742804 
403,361919 -17,222458 -2,185720 1,552700 -13,748237 9,085016 -7,826640 10,837135 -6,905974 14,240725 -4,151540 12,724556 -5,855895 
395,875912 -24,927014 -9,749647 -5,284106 -15,601637 2,943915 -14,263320 6,277878 -9,265738 10,512995 -10,804344 7,755451 -11,168119 
399,351761 -20,519990 -4,456878 -2,063449 -11,713101 7,148743 -10,969779 13,438695 -3,382151 15,232486 -8,633083 10,302471 -6,632472 
393,066435 -19,647931 -1,830696 -1,685775 -13,531527 10,417866 -10,142655 12,712535 -3,839538 14,171682 -6,395992 8,345842 -7,712196 
385,115000 -19,678201 -0,331958 0,942791 -9,722480 10,213624 -7,011623 13,513085 -3,895863 14,076903 -4,951422 10,818659 -7,192266 
370,772799 -20,908555 4,644471 6,001645 -9,618717 7,331310 -5,304258 11,519977 -5,809343 10,334831 -10,461868 7,926834 -8,917394 
370,527196 -17,589570 4,466247 9,896271 -5,261936 8,399192 -5,487033 12,159706 -3,985749 8,827036 -8,865689 9,634257 -5,605884 
346,169407 -28,714296 -3,050967 6,907614 -7,816508 6,826683 -11,148431 6,206761 -12,619793 1,819864 -14,216675 0,524995 -12,640772 
345,334596 -22,564489 7,397865 13,804538 -2,780795 12,549572 -4,898585 10,253684 -5,712073 11,171317 -4,849991 8,272190 -6,141652 
321,941822 -30,561544 -1,198605 11,141530 -1,075267 12,573574 -7,876039 4,577094 -8,101635 6,204334 -11,701833 4,874461 -10,751098 
323,624279 -21,338249 3,332268 11,139275 0,639017 16,320247 -5,948554 10,548867 0,693557 14,213642 -5,494477 8,215773 -8,684132 
