332,221187 -30,575570 2,749155 15,879110 -3,779853 6,156119 -11,636418 4,117166 -10,880754 2,702392 -9,750350 9,490702 -7,500575 
342,944740 -23,820059 4,356826 15,691055 -3,031371 8,630043 -6,221338 8,188867 -5,565977 8,225350 -7,170311 10,052684 -6,204323 
339,050132 -30,135794 3,700717 13,673078 -4,568755 6,306710 -12,172255 3,125866 -12,180924 4,753485 -10,502905 8,392350 -8,127712 
347,567788 -24,896940 7,508979 14,108114 -4,495493 7,425643 -10,855049 5,462336 -7,500244 7,946034 -14,404882 9,260727 -7,323142 
331,106067 -33,933657 2,022567 9,146364 -3,589834 7,266204 -13,818661 -0,439441 -14,007435 2,191488 -17,762904 8,750610 -9,328562 
344,154867 -24,723627 7,825956 12,077320 -3,026085 8,487885 -12,625383 7,727505 -8,713110 5,245275 -5,475577 12,680323 -6,482543 
335,381881 -34,771814 0,849474 13,323699 -2,181079 6,391375 -17,222806 1,262095 -12,407705 3,208305 -9,559073 6,743565 -10,797933 
340,640284 -28,243178 -0,095353 12,230869 -3,446383 7,666944 -14,487225 0,387007 -11,184419 6,631240 -10,220963 5,885814 -10,794013 
333,137372 -27,981868 0,083290 10,022609 -5,709881 9,026940 -10,442304 1,249808 -9,146933 4,882337 -12,077027 8,584508 -9,681315 
347,149915 -24,441549 4,490707 14,432015 -4,608658 10,399395 -3,408238 9,145606 -8,522153 8,989232 -8,482697 9,878296 -4,816240 
354,012622 -28,373277 -0,743489 9,404573 -4,329496 6,649554 -13,033716 1,250211 -11,685660 8,788065 -10,168344 5,447217 -9,282800 
386,127146 -16,057171 8,890407 18,117974 1,981467 8,354535 -7,863377 14,060694 -3,869380 14,228877 -5,919954 12,844529 -6,157790 
381,963712 -32,127469 -4,951091 8,023666 -12,781183 -0,760754 -15,264844 3,043996 -16,137207 4,819851 -15,013439 7,181234 -9,729573 
400,194452 -17,400123 7,280041 16,280539 -5,802318 8,181899 -6,134263 13,570812 -6,764996 17,012603 -3,149433 16,238740 -3,245484 
383,591710 -25,356791 5,751705 12,305507 -9,495645 1,400703 -16,316468 7,834826 -9,421212 14,490559 -4,430991 14,649277 -7,287823 
399,192610 -22,201070 2,749590 8,180178 -12,544088 3,774045 -12,286691 9,143169 -3,843293 14,867910 -5,609995 14,124735 -6,634789 
398,987427 -27,557476 2,604838 7,324872 -13,238486 5,512973 -9,215762 8,500543 -4,491415 16,862157 -3,912019 15,727689 -8,450229 
397,639793 -24,938814 -0,869344 1,741897 -14,478228 3,949202 -11,015002 5,733022 -7,167453 14,291317 -7,691477 13,715625 -7,611497 
383,665472 -25,863423 -1,553866 5,978238 -12,076435 0,819242 -16,196151 10,589707 -4,567814 11,080865 -9,455247 9,681440 -5,977723 
382,114981 -19,788800 -0,920756 9,086133 -5,927480 9,801413 -11,164360 14,732201 -3,186245 11,194844 -6,530209 11,807748 -2,983371 
367,101474 -24,341312 -3,086594 6,443574 -13,283305 4,035276 -10,829184 7,561177 -3,696327 8,141551 -10,782978 6,677690 -9,723376 
361,528606 -22,362586 5,109847 13,647791 -6,942844 8,561864 -8,113653 14,025443 2,141540 12,990122 -7,737945 10,302935 -4,879196 
338,865763 -24,582174 -1,174862 2,903599 -6,927833 5,126602 -13,712790 6,842812 -2,973836 8,257861 -13,561809 3,825048 -11,627773 
320,453779 -31,090547 -0,940073 2,123312 -11,971294 2,439022 -16,429201 1,135794 -8,999246 4,383510 -12,785578 3,907816 -11,924184 
308,873644 -33,932139 -1,491374 8,180781 -5,845490 6,255772 -12,835710 5,573395 -8,661133 4,464478 -13,168155 3,485638 -11,309296 
315,066362 -24,405930 2,656223 10,305868 -3,166993 6,350150 -9,331161 8,844449 -4,470272 9,374677 -10,017984 8,609317 -7,436181 
298,578977 -27,570393 -1,366577 5,734226 -8,638850 -0,090112 -12,531648 7,110347 -5,817572 9,672989 -8,171722 6,573918 -7,459054 
293,651035 -27,343325 5,611932 12,385770 -4,452119 5,802979 -11,746412 7,316888 -5,325572 11,465494 -3,748665 8,880974 -7,177629 
279,292950 -33,914233 0,453052 14,167000 0,290930 11,401347 -7,731222 6,898904 -10,308538 3,887652 -11,780643 5,972771 -5,754573 
276,389805 -27,580609 1,531462 13,742486 -3,126721 5,193945 -8,013350 9,013133 -4,404417 8,263461 -8,625738 5,974063 -3,181329 
255,879409 -25,565159 -3,295263 10,016007 -2,965387 1,857938 -9,082145 11,305999 -4,747130 7,801039 -3,907627 8,453488 -5,862765 
263,949128 -24,039642 -0,529205 12,973723 -0,519891 5,640024 -7,105069 7,442823 -4,151432 5,315808 -3,478838 10,173573 -6,472276 
