355,155216 -24,685770 3,504541 13,625093 -9,249070 -2,216183 -15,015343 2,792461 -6,224312 14,250135 -10,479956 9,228520 -5,380736 
364,328366 -23,129508 4,153256 12,027041 -8,822007 1,073251 -9,801725 7,964539 -9,282715 10,540654 -8,969211 12,492758 -4,872990 
360,936592 -25,056670 4,158695 11,426781 -8,877743 0,335127 -11,834081 7,768527 -9,596876 11,101811 -8,256370 9,465234 -8,935670 
364,396583 -21,249881 5,676184 14,496432 -5,716132 6,338730 -4,163466 13,538034 -8,050435 13,480927 -3,437660 11,429025 -4,884696 
361,408564 -28,029870 -1,319469 12,755273 -4,419985 2,196687 -14,027665 7,137163 -11,678855 10,423881 -6,256879 7,461002 -7,747542 
360,953216 -25,224899 1,527150 15,411540 0,360134 6,161762 -12,755651 9,124360 -8,846784 11,391557 -3,553402 11,150361 -5,576290 
347,857585 -31,612934 1,518077 15,190666 -4,045002 4,303869 -11,922193 9,773089 -8,295426 8,118250 -7,449930 5,715778 -8,740603 
356,753667 -28,671416 6,393847 22,321374 -2,151813 5,554369 -7,865878 15,399426 -6,923832 10,202176 -5,827673 7,416793 -5,390741 
358,517272 -33,368147 -0,467306 19,449375 -1,871745 6,859838 -12,222284 5,412669 -15,019668 10,217459 -5,699485 6,635780 -8,624086 
369,630756 -26,584786 3,417543 20,539182 -2,058320 11,981022 -6,502023 9,052502 -9,728297 12,087390 -3,590323 10,928583 -4,017278 
364,183280 -34,006574 1,022832 19,647221 -8,496423 8,283017 -6,237627 9,311557 -17,173082 8,122242 -1,377160 6,852787 -8,549664 
381,141141 -32,551245 -0,259871 23,619275 -1,934858 13,545790 -3,550906 12,913290 -11,075946 15,157759 0,583027 7,098048 -5,073534 
372,108925 -44,765536 -10,563586 13,112539 -13,497828 1,985722 -14,263103 1,350336 -20,460743 5,005744 -12,529815 -1,731831 -10,862305 
380,484429 -30,789102 -3,363912 17,945126 -6,223112 7,186180 -6,232315 11,533032 -11,071404 12,026701 -6,307960 5,939604 -5,346169 
368,382587 -31,979464 -6,724604 14,168526 -8,088879 0,568194 -11,224374 6,459260 -10,947396 12,732217 -6,234966 5,330000 -8,414061 
378,204990 -25,245405 -1,727831 11,659975 -9,021061 0,815047 -11,493894 6,954589 -8,798508 14,044337 -5,679646 9,010386 -8,512833 
377,583350 -28,067955 -4,117897 8,111615 -11,870880 1,003796 -13,501545 2,570717 -9,114040 9,819723 -9,283584 8,818060 -12,613038 
391,727681 -18,491425 1,045396 9,940239 -6,995349 8,654252 -8,575970 7,405829 -4,444599 13,448895 -5,366669 14,924453 -6,890811 
381,807731 -30,576043 -3,800342 -0,677015 -15,091023 4,542565 -16,178615 4,508465 -9,178584 10,236056 -10,075916 9,058391 -8,755026 
382,968238 -24,947579 6,018601 11,562432 -8,895175 6,174108 -14,181680 11,830321 -1,822258 15,839906 -6,563751 8,645474 -6,207826 
373,781490 -29,515027 0,126315 7,963209 -10,166896 1,202805 -16,886208 9,157041 -3,808695 12,542533 -8,736828 6,511459 -5,630340 
376,991056 -23,793371 1,827974 7,619145 -6,036634 3,471577 -13,901719 11,893754 0,386443 15,784985 -8,029366 8,026478 -3,991950 
365,566331 -22,898767 -2,474716 5,389234 -6,998859 -0,651873 -17,579601 9,927709 -1,923896 12,612337 -9,629403 6,637484 -7,243306 
351,744230 -18,085856 -0,726973 9,203691 -4,336044 2,630428 -9,341004 9,178366 -0,371527 11,157297 -7,583738 10,196105 -7,312006 
330,323539 -23,641229 2,123384 12,926513 -6,444743 1,505233 -10,063805 9,413546 -4,249436 10,485279 -9,219845 7,033235 -6,148052 
329,023436 -19,729938 1,594707 11,837903 -2,553895 8,620409 -3,634055 11,383536 -6,368863 11,371733 -5,474209 9,654063 -4,317851 
289,108313 -28,576675 1,276364 11,142079 -1,688558 7,781841 -7,374867 7,633916 -6,003784 8,146589 -6,606151 5,197216 -6,506939 
294,621310 -28,284398 9,003650 17,268908 1,632426 11,527925 -9,398929 8,071005 -6,342831 8,459931 -7,013475 7,625747 -3,073502 
