294,136182 -31,371333 9,724988 13,636954 -9,045732 7,767861 -8,904619 4,853252 -11,768682 9,121460 -7,755547 9,154016 -4,247388 
344,615748 -25,197658 11,165080 20,087257 -5,782608 9,017099 -5,167855 7,116381 -8,313809 14,056723 -5,931259 11,711517 -2,936336 
344,257590 -34,072684 2,683769 14,062347 -9,026977 2,313541 -13,815189 0,565770 -12,218282 7,697527 -12,103015 8,595956 -6,065143 
363,201526 -25,410278 11,287657 20,305475 -3,958401 11,809237 -7,021587 8,560303 -5,392327 11,198834 -8,752199 13,189697 -3,508345 
361,230660 -31,354391 8,634505 16,043940 -7,519038 10,409970 -12,592209 7,283113 -8,917287 9,966333 -10,362118 7,966361 -7,704350 
366,639091 -23,865259 10,327274 16,700903 0,162455 16,567311 -8,955896 13,552525 -6,584195 12,844030 -5,787653 12,632947 -3,149211 
358,718317 -34,153936 5,351298 12,566906 -6,826654 7,896941 -15,060900 6,950694 -10,285905 7,937315 -10,387127 9,297251 -8,005746 
366,918349 -26,963231 12,884023 17,133381 -4,157148 8,899749 -10,250929 11,697552 -5,085160 11,976117 -7,182833 11,006557 -7,168227 
358,433822 -35,763995 4,739401 13,168581 -5,526892 5,367067 -15,915802 4,201483 -12,179766 7,711135 -11,259130 6,205295 -8,327702 
375,681037 -20,774400 8,573051 13,465355 -0,011286 15,334148 -7,237966 10,853357 -6,901098 13,314386 -7,000453 10,401259 -5,354101 
357,769193 -35,189932 3,806821 11,755813 -5,846945 10,729475 -14,827969 3,724546 -13,392127 8,837942 -11,212071 9,337425 -7,561250 
379,648116 -24,805131 8,083408 13,875746 -7,188623 15,019439 -7,252499 12,468924 -8,802628 11,657254 -7,217658 11,758977 -4,011600 
362,728811 -34,709486 4,356373 14,235641 -6,114947 7,514833 -14,513479 9,067588 -12,929558 7,492626 -8,305007 7,299651 -9,848151 
368,429190 -25,751649 7,607372 15,847517 -4,458990 10,760195 -6,538837 11,159151 -11,250669 10,626213 -5,633518 9,983396 -5,889637 
351,428448 -35,832313 6,749062 14,199188 -7,554794 6,247758 -13,917278 6,428861 -15,716456 7,957717 -12,248330 4,171363 -9,504629 
367,582213 -26,642602 10,531560 14,253410 -3,265601 14,022542 -8,080292 13,606192 -10,000786 9,967939 -7,291818 11,356800 -5,932892 
346,564063 -42,341295 -0,169651 5,343785 -14,642505 3,698445 -15,931299 3,533909 -17,668680 1,783353 -15,598346 4,132312 -13,014924 
364,237356 -28,996028 7,029067 11,811676 -5,859325 13,262773 -5,995207 11,106891 -8,736341 9,355035 -9,469036 13,451603 -6,519260 
350,845628 -38,848989 5,969484 12,312388 -5,141612 5,551498 -15,206187 6,290958 -12,809932 5,293834 -11,841917 10,991510 -8,189406 
353,417433 -30,223856 11,453125 14,166620 -2,852044 6,570088 -14,058868 8,838003 -10,898310 10,538449 -6,759483 11,434351 -6,799833 
348,999978 -34,540739 2,913344 6,132785 -7,687562 8,938998 -14,320345 9,060905 -15,566639 6,469183 -12,583327 5,372131 -8,624706 
354,871489 -29,435486 6,835189 12,409029 -3,482759 13,368027 -11,745432 12,117192 -9,191405 10,296171 -8,184248 11,594669 -2,896834 
343,224267 -32,902440 7,165022 11,336135 -6,282419 8,697408 -16,490066 8,908710 -10,599802 5,867086 -11,138762 10,358352 -6,423062 
347,662871 -26,558680 10,497862 11,369870 -4,356458 9,465335 -13,287149 11,806798 -8,598689 9,025014 -9,138699 10,059075 -5,419621 
337,507446 -33,253019 6,292152 12,384180 -3,775420 7,189239 -17,287974 6,440608 -9,108326 9,060312 -9,756242 7,625145 -5,735423 
343,308390 -31,743272 11,189780 17,761883 -2,466784 12,293022 -13,039862 10,600680 -5,748045 14,423779 -7,077560 11,600410 -3,469586 
342,506602 -34,527458 9,024331 12,469071 -7,823617 9,092418 -13,857075 8,335423 -13,163905 10,858845 -9,197299 9,888462 -2,646956 
345,893037 -29,574393 12,086146 14,100271 -7,602074 9,559403 -11,385643 8,866004 -9,070483 14,726439 -5,773055 10,267943 -2,953031 
327,024564 -37,021877 5,336200 6,381295 -16,283120 0,049618 -17,099033 2,102947 -13,279766 8,052370 -12,442749 5,463847 -6,257319 
337,213864 -28,133065 12,451701 11,059968 -4,906625 10,637876 -8,508021 16,146305 -7,305471 12,957701 -6,149189 10,354961 -1,727307 
336,899327 -30,893220 7,417780 9,448156 -3,693108 9,059472 -15,638309 8,171708 -9,590945 9,636686 -9,906852 7,391394 -6,988894 
347,321904 -24,786974 11,060797 15,190287 1,360843 15,420713 -12,403599 10,754797 -6,319097 14,302760 -3,845437 10,878257 -3,783395 
340,995893 -33,371021 3,394012 10,012519 -3,965053 8,899529 -19,039075 5,640150 -14,791004 7,607294 -7,876803 5,997869 -9,881619 
345,982257 -26,665864 10,653603 16,731152 2,340590 14,587261 -7,762177 15,371370 -7,941232 13,790048 -4,444001 10,650715 -4,494155 
333,727594 -34,683361 2,731754 9,183849 -6,421813 8,176100 -15,735917 5,379687 -15,184017 4,996668 -13,566128 1,414867 -10,637299 
341,198351 -24,317352 10,703938 17,148713 -2,108335 14,400251 -6,960113 12,728532 -5,703105 11,872140 -4,772577 9,940068 -3,206483 
323,200467 -38,140440 2,739352 9,832457 -9,223867 8,999856 -10,801525 4,144079 -16,003763 4,749767 -12,636395 2,435562 -10,198621 
335,975726 -27,786877 8,433184 15,816629 -0,336542 13,570956 -7,584573 10,239201 -10,204588 7,127999 -8,638363 10,741612 -3,382360 
324,737453 -38,283328 1,287384 11,703859 -5,750239 9,076416 -10,585908 6,274554 -14,470218 1,843834 -13,902478 2,031276 -11,592856 
334,769519 -25,859067 8,636751 15,300826 -4,301927 12,007536 -4,437372 8,741721 -9,978803 8,811255 -6,631527 7,774843 -5,824580 
317,337383 -32,973124 3,994640 16,837118 -2,327613 4,229099 -12,968448 1,789541 -11,851001 4,182251 -11,985890 6,398246 -8,180175 
335,910172 -19,287582 10,020902 17,100371 1,293244 11,793296 -6,112801 10,710563 -3,668488 11,574925 -6,765723 12,630528 -2,860783 
330,823072 -26,325880 3,658389 13,487761 -4,559272 10,445315 -8,808628 5,568451 -9,490201 6,399675 -9,654571 5,347686 -8,830823 
338,310600 -23,349609 6,858547 21,060587 2,679534 12,390703 -5,811506 8,873622 -4,469359 8,977454 -3,712555 10,736883 -4,990603 
323,627909 -33,125848 -0,107986 13,548522 -2,131677 6,088455 -11,017199 4,674028 -10,331304 1,131058 -13,819986 5,183750 -9,948948 
314,242474 -26,947692 3,544252 17,891921 1,115451 9,060040 -5,092132 7,070363 -7,164698 9,147925 -7,386677 9,519195 -4,425536 
291,240708 -29,590536 -2,710628 13,502011 0,396582 11,718873 -2,152928 10,475642 -8,626209 5,790350 -8,388710 2,838681 -10,981163 
281,325545 -21,536476 3,249075 13,510507 -0,408668 14,423025 -3,270565 10,802443 -4,772696 9,055774 -5,137398 8,074149 -6,647039 
